% Column 0: Length, mm
% Column 1: B.n, Tesla
0.00000000e+000	6.18500576e-002	
1.55086662e-001	6.28769497e-002	
3.10173323e-001	6.42087336e-002	
4.65259985e-001	6.59308654e-002	
6.20346646e-001	6.75721153e-002	
7.75433308e-001	6.92020335e-002	
9.30519969e-001	7.08319518e-002	
1.08560663e+000	7.32302191e-002	
1.24069329e+000	7.60961807e-002	
1.39577995e+000	7.98721849e-002	
1.55086662e+000	8.33809965e-002	
1.70595328e+000	8.68578282e-002	
1.86103994e+000	9.19887043e-002	
2.01612660e+000	9.61112746e-002	
2.17121326e+000	9.96058954e-002	
2.32629992e+000	1.03100516e-001	
2.48138658e+000	1.06593014e-001	
2.63647325e+000	1.10082114e-001	
2.79155991e+000	1.12426729e-001	
2.94664657e+000	1.14483719e-001	
3.10173323e+000	1.16419617e-001	
3.25681989e+000	1.18238527e-001	
3.41190655e+000	1.19957602e-001	
3.56699322e+000	1.21368805e-001	
3.72207988e+000	1.22780007e-001	
3.87716654e+000	1.24403218e-001	
4.03225320e+000	1.26876529e-001	
4.18733986e+000	1.29093985e-001	
4.34242652e+000	1.31005233e-001	
4.49751319e+000	1.32935888e-001	
4.65259985e+000	1.35321184e-001	
4.80768651e+000	1.38615405e-001	
4.96277317e+000	1.41174519e-001	
5.11785983e+000	1.43515086e-001	
5.27294649e+000	1.45855653e-001	
5.42803315e+000	1.48880469e-001	
5.58311982e+000	1.52190888e-001	
5.73820648e+000	1.54590196e-001	
5.89329314e+000	1.57054981e-001	
6.04837980e+000	1.58289638e-001	
6.20346646e+000	1.60247170e-001	
6.35855312e+000	1.60861980e-001	
6.51363979e+000	1.59439364e-001	
6.66872645e+000	1.58016748e-001	
6.82381311e+000	1.55705789e-001	
6.97889977e+000	1.51101150e-001	
7.13398643e+000	1.45922766e-001	
7.28907309e+000	1.40633732e-001	
7.44415975e+000	1.35965775e-001	
7.59924642e+000	1.31783679e-001	
7.75433308e+000	1.29400137e-001	
7.90941974e+000	1.27143148e-001	
8.06450640e+000	1.24886159e-001	
8.21959306e+000	1.22629171e-001	
8.37467972e+000	1.22105768e-001	
8.52976639e+000	1.21356943e-001	
8.68485305e+000	1.19869291e-001	
8.83993971e+000	1.20199362e-001	
8.99502637e+000	1.21180611e-001	
9.15011303e+000	1.22712055e-001	
9.30519969e+000	1.24490406e-001	
9.46028636e+000	1.26393374e-001	
9.61537302e+000	1.28296342e-001	
9.77045968e+000	1.32543054e-001	
9.92554634e+000	1.37431671e-001	
1.00806330e+001	1.41944059e-001	
1.02357197e+001	1.47138096e-001	
1.03908063e+001	1.53288835e-001	
1.05458930e+001	1.59439575e-001	
1.07009796e+001	1.66385070e-001	
1.08560663e+001	1.75222266e-001	
1.10111530e+001	1.85699615e-001	
1.11662396e+001	1.96045226e-001	
1.13213263e+001	2.02923091e-001	
1.14764130e+001	2.09800957e-001	
1.16314996e+001	2.17233407e-001	
1.17865863e+001	2.25177847e-001	
1.19416729e+001	2.32817282e-001	
1.20967596e+001	2.40137413e-001	
1.22518463e+001	2.46379665e-001	
1.24069329e+001	2.53392772e-001	
1.25620196e+001	2.61890420e-001	
1.27171062e+001	2.68867516e-001	
1.28721929e+001	2.75474321e-001	
1.30272796e+001	2.82081125e-001	
1.31823662e+001	2.90983520e-001	
1.33374529e+001	3.01086586e-001	
1.34925396e+001	3.12119982e-001	
1.36476262e+001	3.23387383e-001	
1.38027129e+001	3.32493959e-001	
1.39577995e+001	3.41600534e-001	
1.41128862e+001	3.52451608e-001	
1.42679729e+001	3.65564665e-001	
1.44230595e+001	3.78280079e-001	
1.45781462e+001	3.91249997e-001	
1.47332328e+001	4.04906031e-001	
1.48883195e+001	4.14629335e-001	
1.50434062e+001	4.22991606e-001	
1.51984928e+001	4.31108477e-001	
1.53535795e+001	4.32196881e-001	
1.55086662e+001	4.34070775e-001	
1.56637528e+001	4.40846412e-001	
1.58188395e+001	4.35866605e-001	
1.59739261e+001	4.19373905e-001	
1.61290128e+001	4.12254810e-001	
1.62840995e+001	4.05019052e-001	
1.64391861e+001	3.96692316e-001	
1.65942728e+001	3.92819694e-001	
1.67493594e+001	3.90889568e-001	
1.69044461e+001	3.91730167e-001	
1.70595328e+001	3.96219512e-001	
1.72146194e+001	4.02288197e-001	
1.73697061e+001	4.08356881e-001	
1.75247928e+001	4.25246981e-001	
1.76798794e+001	4.40280989e-001	
1.78349661e+001	4.59325653e-001	
1.79900527e+001	4.81197229e-001	
1.81451394e+001	5.06494996e-001	
1.83002261e+001	5.38633235e-001	
1.84553127e+001	5.74306730e-001	
1.86103994e+001	6.15473207e-001	
1.87654860e+001	6.61902013e-001	
1.89205727e+001	7.10838876e-001	
1.90756594e+001	7.63300292e-001	
1.92307460e+001	8.20274190e-001	
1.93858327e+001	8.82094315e-001	
1.95409194e+001	9.36555937e-001	
1.96960060e+001	1.00089765e+000	
1.98510927e+001	1.07429123e+000	
2.00061793e+001	1.10193245e+000	
2.01612660e+001	1.12768783e+000	
2.03163527e+001	1.15344321e+000	
2.04714393e+001	1.18013447e+000	
2.06265260e+001	1.20362026e+000	
2.07816126e+001	1.21822325e+000	
2.09366993e+001	1.22644386e+000	
2.10917860e+001	1.23184421e+000	
2.12468726e+001	1.23574586e+000	
2.14019593e+001	1.23818867e+000	
2.15570460e+001	1.23974032e+000	
2.17121326e+001	1.24129196e+000	
2.18672193e+001	1.24196562e+000	
2.20223059e+001	1.24164422e+000	
2.21773926e+001	1.24239128e+000	
2.23324793e+001	1.24285935e+000	
2.24875659e+001	1.24259319e+000	
2.26426526e+001	1.24232703e+000	
2.27977392e+001	1.24169046e+000	
2.29528259e+001	1.23976251e+000	
2.31079126e+001	1.23776631e+000	
2.32629992e+001	1.23620947e+000	
2.34180859e+001	1.23156964e+000	
2.35731726e+001	1.22570174e+000	
2.37282592e+001	1.21878150e+000	
2.38833459e+001	1.20744101e+000	
2.40384325e+001	1.19355920e+000	
2.41935192e+001	1.17625002e+000	
2.43486059e+001	1.14922183e+000	
2.45036925e+001	1.11689711e+000	
2.46587792e+001	1.07578388e+000	
2.48138658e+001	1.03380319e+000	
2.49689525e+001	9.90123574e-001	
2.51240392e+001	9.39695820e-001	
2.52791258e+001	9.06567095e-001	
2.54342125e+001	8.78899382e-001	
2.55892992e+001	8.51231668e-001	
2.57443858e+001	8.22700499e-001	
2.58994725e+001	7.93254025e-001	
2.60545591e+001	7.75720029e-001	
2.62096458e+001	7.58980483e-001	
2.63647325e+001	7.41913918e-001	
2.65198191e+001	7.36102991e-001	
2.66749058e+001	7.32326927e-001	
2.68299924e+001	7.26136276e-001	
2.69850791e+001	7.25550534e-001	
2.71401658e+001	7.27438687e-001	
2.72952524e+001	7.30229735e-001	
2.74503391e+001	7.38588609e-001	
2.76054258e+001	7.51407958e-001	
2.77605124e+001	7.68511292e-001	
2.79155991e+001	7.85641606e-001	
2.80706857e+001	8.02771919e-001	
2.82257724e+001	8.29963370e-001	
2.83808591e+001	8.58851962e-001	
2.85359457e+001	8.88197636e-001	
2.86910324e+001	9.27407736e-001	
2.88461190e+001	9.68383663e-001	
2.90012057e+001	1.00255771e+000	
2.91562924e+001	1.02694655e+000	
2.93113790e+001	1.04974721e+000	
2.94664657e+001	1.07254788e+000	
2.96215524e+001	1.09221576e+000	
2.97766390e+001	1.10877695e+000	
2.99317257e+001	1.11596467e+000	
3.00868123e+001	1.12113392e+000	
3.02418990e+001	1.12396703e+000	
3.03969857e+001	1.12680013e+000	
3.05520723e+001	1.12875084e+000	
3.07071590e+001	1.12814058e+000	
3.08622457e+001	1.12912351e+000	
3.10173323e+001	1.13051000e+000	
3.11724190e+001	1.13099307e+000	
3.13275056e+001	1.13147613e+000	
3.14825923e+001	1.13193116e+000	
3.16376790e+001	1.12972151e+000	
3.17927656e+001	1.12898273e+000	
3.19478523e+001	1.13004925e+000	
3.21029389e+001	1.12812444e+000	
3.22580256e+001	1.12582039e+000	
3.24131123e+001	1.12351634e+000	
3.25681989e+001	1.11683004e+000	
3.27232856e+001	1.10837410e+000	
3.28783723e+001	1.09826900e+000	
3.30334589e+001	1.08569366e+000	
3.31885456e+001	1.06822057e+000	
3.33436322e+001	1.04211218e+000	
3.34987189e+001	1.01145235e+000	
3.36538056e+001	9.76570200e-001	
3.38088922e+001	9.36730510e-001	
3.39639789e+001	8.99851960e-001	
3.41190655e+001	8.67830705e-001	
3.42741522e+001	8.35809451e-001	
3.44292389e+001	8.02417512e-001	
3.45843255e+001	7.65374292e-001	
3.47394122e+001	7.41543353e-001	
3.48944989e+001	7.25957626e-001	
3.50495855e+001	7.14210585e-001	
3.52046722e+001	7.02463545e-001	
3.53597588e+001	6.90850070e-001	
3.55148455e+001	6.84034832e-001	
3.56699322e+001	6.77219594e-001	
3.58250188e+001	6.70404356e-001	
3.59801055e+001	6.74131515e-001	
3.61351921e+001	6.78976063e-001	
3.62902788e+001	6.83820610e-001	
3.64453655e+001	6.94756454e-001	
3.66004521e+001	7.07397871e-001	
3.67555388e+001	7.20039287e-001	
3.69106255e+001	7.37717086e-001	
3.70657121e+001	7.61235530e-001	
3.72207988e+001	7.89369331e-001	
3.73758854e+001	8.19578264e-001	
3.75309721e+001	8.51587720e-001	
3.76860588e+001	8.90039403e-001	
3.78411454e+001	9.24207390e-001	
3.79962321e+001	9.52028672e-001	
3.81513187e+001	9.79849953e-001	
3.83064054e+001	1.00609581e+000	
3.84614921e+001	1.02847652e+000	
3.86165787e+001	1.04105750e+000	
3.87716654e+001	1.04853900e+000	
3.89267521e+001	1.05612704e+000	
3.90818387e+001	1.05988654e+000	
3.92369254e+001	1.06115820e+000	
3.93920120e+001	1.06263911e+000	
3.95470987e+001	1.06412003e+000	
3.97021854e+001	1.06560094e+000	
3.98572720e+001	1.06674727e+000	
4.00123587e+001	1.06740172e+000	
4.01674453e+001	1.06723052e+000	
4.03225320e+001	1.06702527e+000	
4.04776187e+001	1.06681138e+000	
4.06327053e+001	1.06659750e+000	
4.07877920e+001	1.06667396e+000	
4.09428787e+001	1.06637243e+000	
4.10979653e+001	1.06446836e+000	
4.12530520e+001	1.06326278e+000	
4.14081386e+001	1.06262387e+000	
4.15632253e+001	1.05323521e+000	
4.17183120e+001	1.04419606e+000	
4.18733986e+001	1.03573182e+000	
4.20284853e+001	1.02726759e+000	
4.21835719e+001	1.01028767e+000	
4.23386586e+001	9.74016949e-001	
4.24937453e+001	9.37315906e-001	
4.26488319e+001	9.04435779e-001	
4.28039186e+001	8.72681243e-001	
4.29590053e+001	8.40926706e-001	
4.31140919e+001	8.08774241e-001	
4.32691786e+001	7.70434330e-001	
4.34242652e+001	7.39272779e-001	
4.35793519e+001	7.15319661e-001	
4.37344386e+001	6.99954712e-001	
4.38895252e+001	6.85162338e-001	
4.40446119e+001	6.70369964e-001	
4.41996985e+001	6.55370284e-001	
4.43547852e+001	6.43082410e-001	
4.45098719e+001	6.38935334e-001	
4.46649585e+001	6.34939720e-001	
4.48200452e+001	6.31646822e-001	
4.49751319e+001	6.37467485e-001	
4.51302185e+001	6.43327794e-001	
4.52853052e+001	6.49218183e-001	
4.54403918e+001	6.55108572e-001	
4.55954785e+001	6.65130786e-001	
4.57505652e+001	6.80288795e-001	
4.59056518e+001	7.01951952e-001	
4.60607385e+001	7.25500505e-001	
4.62158251e+001	7.51218870e-001	
4.63709118e+001	7.82435960e-001	
4.65259985e+001	8.11758346e-001	
4.66810851e+001	8.39881891e-001	
4.68361718e+001	8.72463413e-001	
4.69912585e+001	9.06457343e-001	
4.71463451e+001	9.27150004e-001	
4.73014318e+001	9.47827386e-001	
4.74565184e+001	9.68490371e-001	
4.76116051e+001	9.74837517e-001	
4.77666918e+001	9.80497067e-001	
4.79217784e+001	9.86156616e-001	
4.80768651e+001	9.89039708e-001	
4.82319517e+001	9.91359212e-001	
4.83870384e+001	9.93678716e-001	
4.85421251e+001	9.94845841e-001	
4.86972117e+001	9.95864624e-001	
4.88522984e+001	9.95902365e-001	
4.90073851e+001	9.96095844e-001	
4.91624717e+001	9.96395455e-001	
4.93175584e+001	9.96525025e-001	
4.94726450e+001	9.96320905e-001	
4.96277317e+001	9.95728978e-001	
4.97828184e+001	9.95137051e-001	
4.99379050e+001	9.94388257e-001	
5.00929917e+001	9.93334316e-001	
5.02480783e+001	9.90750644e-001	
5.04031650e+001	9.87731496e-001	
5.05582517e+001	9.80946137e-001	
5.07133383e+001	9.74160779e-001	
5.08684250e+001	9.66591258e-001	
5.10235117e+001	9.51441167e-001	
5.11785983e+001	9.31682211e-001	
5.13336850e+001	9.07873530e-001	
5.14887716e+001	8.76764917e-001	
5.16438583e+001	8.43257250e-001	
5.17989450e+001	8.06604936e-001	
5.19540316e+001	7.71424423e-001	
5.21091183e+001	7.37495147e-001	
5.22642049e+001	7.06025015e-001	
5.24192916e+001	6.86150844e-001	
5.25743783e+001	6.67219198e-001	
5.27294649e+001	6.48287553e-001	
5.28845516e+001	6.29632712e-001	
5.30396383e+001	6.11472841e-001	
5.31947249e+001	6.00682356e-001	
5.33498116e+001	5.91779625e-001	
5.35048982e+001	5.84928787e-001	
5.36599849e+001	5.84404106e-001	
5.38150716e+001	5.84375671e-001	
5.39701582e+001	5.84218925e-001	
5.41252449e+001	5.91491109e-001	
5.42803315e+001	5.99165597e-001	
5.44354182e+001	6.04631051e-001	
5.45905049e+001	6.16440698e-001	
5.47455915e+001	6.32029259e-001	
5.49006782e+001	6.53100912e-001	
5.50557649e+001	6.74172565e-001	
5.52108515e+001	6.95244219e-001	
5.53659382e+001	7.25902452e-001	
5.55210248e+001	7.54286179e-001	
5.56761115e+001	7.79441965e-001	
5.58311982e+001	8.09441628e-001	
5.59862848e+001	8.36466868e-001	
5.61413715e+001	8.54909565e-001	
5.62964581e+001	8.70669480e-001	
5.64515448e+001	8.85971098e-001	
5.66066315e+001	8.92946254e-001	
5.67617181e+001	8.97167138e-001	
5.69168048e+001	8.99746466e-001	
5.70718915e+001	9.03238351e-001	
5.72269781e+001	9.05717317e-001	
5.73820648e+001	9.07166379e-001	
5.75371514e+001	9.07767689e-001	
5.76922381e+001	9.08254936e-001	
5.78473248e+001	9.08650495e-001	
5.80024114e+001	9.09046053e-001	
5.81574981e+001	9.09175230e-001	
5.83125847e+001	9.08471115e-001	
5.84676714e+001	9.07766999e-001	
5.86227581e+001	9.07178724e-001	
5.87778447e+001	9.07386043e-001	
5.89329314e+001	9.06422742e-001	
5.90880181e+001	9.04571864e-001	
5.92431047e+001	9.05448491e-001	
5.93981914e+001	9.02023177e-001	
5.95532780e+001	8.93182374e-001	
5.97083647e+001	8.85807901e-001	
5.98634514e+001	8.76436782e-001	
6.00185380e+001	8.62398371e-001	
6.01736247e+001	8.42937076e-001	
6.03287113e+001	8.18378568e-001	
6.04837980e+001	7.90010820e-001	
6.06388847e+001	7.58765582e-001	
6.07939713e+001	7.25849500e-001	
6.09490580e+001	6.92684445e-001	
6.11041447e+001	6.63598136e-001	
6.12592313e+001	6.38391686e-001	
6.14143180e+001	6.11120216e-001	
6.15694046e+001	5.89329715e-001	
6.17244913e+001	5.76293638e-001	
6.18795780e+001	5.63257562e-001	
6.20346646e+001	5.52700675e-001	
6.21897513e+001	5.44504079e-001	
6.23448379e+001	5.36307483e-001	
6.24999246e+001	5.28501391e-001	
6.26550113e+001	5.23021134e-001	
6.28100979e+001	5.21975561e-001	
6.29651846e+001	5.24164735e-001	
6.31202713e+001	5.28868020e-001	
6.32753579e+001	5.34915024e-001	
6.34304446e+001	5.42543409e-001	
6.35855312e+001	5.53674573e-001	
6.37406179e+001	5.68401377e-001	
6.38957046e+001	5.89434015e-001	
6.40507912e+001	6.07388283e-001	
6.42058779e+001	6.26745800e-001	
6.43609645e+001	6.46103318e-001	
6.45160512e+001	6.75055381e-001	
6.46711379e+001	7.08081547e-001	
6.48262245e+001	7.30621460e-001	
6.49813112e+001	7.49341557e-001	
6.51363979e+001	7.64662844e-001	
6.52914845e+001	7.78272259e-001	
6.54465712e+001	7.87706174e-001	
6.56016578e+001	7.91120930e-001	
6.57567445e+001	7.94535685e-001	
6.59118312e+001	7.97391735e-001	
6.60669178e+001	8.00801105e-001	
6.62220045e+001	8.02052570e-001	
6.63770911e+001	8.02475527e-001	
6.65321778e+001	8.02913586e-001	
6.66872645e+001	8.03351645e-001	
6.68423511e+001	8.03744090e-001	
6.69974378e+001	8.02965891e-001	
6.71525245e+001	8.02709930e-001	
6.73076111e+001	8.03028774e-001	
6.74626978e+001	8.02840468e-001	
6.76177844e+001	8.02559785e-001	
6.77728711e+001	8.02196650e-001	
6.79279578e+001	8.02009258e-001	
6.80830444e+001	8.00965799e-001	
6.82381311e+001	7.98113479e-001	
6.83932177e+001	7.95187764e-001	
6.85483044e+001	7.91463086e-001	
6.87033911e+001	7.81393246e-001	
6.88584777e+001	7.68401345e-001	
6.90135644e+001	7.52978078e-001	
6.91686511e+001	7.37554811e-001	
6.93237377e+001	7.18301008e-001	
6.94788244e+001	6.93820406e-001	
6.96339110e+001	6.60021729e-001	
6.97889977e+001	6.29649040e-001	
6.99440844e+001	6.02628861e-001	
7.00991710e+001	5.75000302e-001	
7.02542577e+001	5.49453169e-001	
7.04093443e+001	5.34579196e-001	
7.05644310e+001	5.19705224e-001	
7.07195177e+001	5.04750706e-001	
7.08746043e+001	4.88389923e-001	
7.10296910e+001	4.75805834e-001	
7.11847777e+001	4.67110167e-001	
7.13398643e+001	4.63758402e-001	
7.14949510e+001	4.60801172e-001	
7.16500376e+001	4.57843943e-001	
7.18051243e+001	4.55985626e-001	
7.19602110e+001	4.55716350e-001	
7.21152976e+001	4.59932374e-001	
7.22703843e+001	4.67081709e-001	
7.24254709e+001	4.75293127e-001	
7.25805576e+001	4.81496021e-001	
7.27356443e+001	4.93659973e-001	
7.28907309e+001	5.10465361e-001	
7.30458176e+001	5.32118555e-001	
7.32009043e+001	5.52406414e-001	
7.33559909e+001	5.70953509e-001	
7.35110776e+001	5.89500604e-001	
7.36661642e+001	6.07843917e-001	
7.38212509e+001	6.31126982e-001	
7.39763376e+001	6.46273319e-001	
7.41314242e+001	6.58156081e-001	
7.42865109e+001	6.67433429e-001	
7.44415975e+001	6.74308086e-001	
7.45966842e+001	6.79510326e-001	
7.47517709e+001	6.81103353e-001	
7.49068575e+001	6.82696380e-001	
7.50619442e+001	6.84289408e-001	
7.52170309e+001	6.85516116e-001	
7.53721175e+001	6.86246288e-001	
7.55272042e+001	6.86220119e-001	
7.56822908e+001	6.86104589e-001	
7.58373775e+001	6.86094622e-001	
7.59924642e+001	6.86084654e-001	
7.61475508e+001	6.86022051e-001	
7.63026375e+001	6.85937108e-001	
7.64577241e+001	6.85852166e-001	
7.66128108e+001	6.85647329e-001	
7.67678975e+001	6.85337374e-001	
7.69229841e+001	6.84029193e-001	
7.70780708e+001	6.82573477e-001	
7.72331575e+001	6.80941893e-001	
7.73882441e+001	6.79310310e-001	
7.75433308e+001	6.76234732e-001	
7.76984174e+001	6.67936485e-001	
7.78535041e+001	6.57723784e-001	
7.80085908e+001	6.44928685e-001	
7.81636774e+001	6.24566414e-001	
7.83187641e+001	6.03329108e-001	
7.84738507e+001	5.81353983e-001	
7.86289374e+001	5.56620971e-001	
7.87840241e+001	5.30134663e-001	
7.89391107e+001	5.02068730e-001	
7.90941974e+001	4.84134898e-001	
7.92492841e+001	4.66573120e-001	
7.94043707e+001	4.49011343e-001	
7.95594574e+001	4.37486800e-001	
7.97145440e+001	4.25262230e-001	
7.98696307e+001	4.13037659e-001	
8.00247174e+001	4.01851155e-001	
8.01798040e+001	3.92035727e-001	
8.03348907e+001	3.87390039e-001	
8.04899773e+001	3.84284355e-001	
8.06450640e+001	3.82290517e-001	
8.08001507e+001	3.82185370e-001	
8.09552373e+001	3.83286799e-001	
8.11103240e+001	3.85732995e-001	
8.12654107e+001	3.92922457e-001	
8.14204973e+001	3.98709248e-001	
8.15755840e+001	4.02880972e-001	
8.17306706e+001	4.14805738e-001	
8.18857573e+001	4.28956906e-001	
8.20408440e+001	4.43609566e-001	
8.21959306e+001	4.60546854e-001	
8.23510173e+001	4.78301770e-001	
8.25061039e+001	4.93218336e-001	
8.26611906e+001	5.09449241e-001	
8.28162773e+001	5.26787623e-001	
8.29713639e+001	5.38629921e-001	
8.31264506e+001	5.48140802e-001	
8.32815373e+001	5.54574575e-001	
8.34366239e+001	5.57863640e-001	
8.35917106e+001	5.61035078e-001	
8.37467972e+001	5.63267955e-001	
8.39018839e+001	5.64718992e-001	
8.40569706e+001	5.65573953e-001	
8.42120572e+001	5.64934053e-001	
8.43671439e+001	5.65314572e-001	
8.45222305e+001	5.66291973e-001	
8.46773172e+001	5.66364286e-001	
8.48324039e+001	5.66285053e-001	
8.49874905e+001	5.66047821e-001	
8.51425772e+001	5.65810590e-001	
8.52976639e+001	5.65657324e-001	
8.54527505e+001	5.65457037e-001	
8.56078372e+001	5.65256750e-001	
8.57629238e+001	5.65013168e-001	
8.59180105e+001	5.64635241e-001	
8.60730972e+001	5.63289857e-001	
8.62281838e+001	5.61484830e-001	
8.63832705e+001	5.59613299e-001	
8.65383571e+001	5.55125514e-001	
8.66934438e+001	5.48576854e-001	
8.68485305e+001	5.38577568e-001	
8.70036171e+001	5.26305192e-001	
8.71587038e+001	5.11107184e-001	
8.73137905e+001	4.94318353e-001	
8.74688771e+001	4.73619215e-001	
8.76239638e+001	4.48922252e-001	
8.77790504e+001	4.27937151e-001	
8.79341371e+001	4.09041635e-001	
8.80892238e+001	3.93823076e-001	
8.82443104e+001	3.76820701e-001	
8.83993971e+001	3.59293161e-001	
8.85544838e+001	3.49011632e-001	
8.87095704e+001	3.39278487e-001	
8.88646571e+001	3.30080168e-001	
8.90197437e+001	3.22440701e-001	
8.91748304e+001	3.17438886e-001	
8.93299171e+001	3.14898060e-001	
8.94850037e+001	3.12357234e-001	
8.96400904e+001	3.09965678e-001	
8.97951770e+001	3.07998053e-001	
8.99502637e+001	3.08610066e-001	
9.01053504e+001	3.10729213e-001	
9.02604370e+001	3.15332952e-001	
9.04155237e+001	3.20150644e-001	
9.05706104e+001	3.25179130e-001	
9.07256970e+001	3.33810459e-001	
9.08807837e+001	3.44005603e-001	
9.10358703e+001	3.56088088e-001	
9.11909570e+001	3.68558665e-001	
9.13460437e+001	3.82213713e-001	
9.15011303e+001	3.95899496e-001	
9.16562170e+001	4.08304667e-001	
9.18113036e+001	4.19547830e-001	
9.19663903e+001	4.27820531e-001	
9.21214770e+001	4.32743522e-001	
9.22765636e+001	4.35829574e-001	
9.24316503e+001	4.38915626e-001	
9.25867370e+001	4.41863116e-001	
9.27418236e+001	4.44684236e-001	
9.28969103e+001	4.45179110e-001	
9.30519969e+001	4.45358794e-001	
9.32070836e+001	4.45626983e-001	
9.33621703e+001	4.45895171e-001	
9.35172569e+001	4.46068160e-001	
9.36723436e+001	4.45992791e-001	
9.38274302e+001	4.45917422e-001	
9.39825169e+001	4.45890866e-001	
9.41376036e+001	4.46132120e-001	
9.42926902e+001	4.46113834e-001	
9.44477769e+001	4.45899161e-001	
9.46028636e+001	4.45125226e-001	
9.47579502e+001	4.44547945e-001	
9.49130369e+001	4.44192608e-001	
9.50681235e+001	4.43234297e-001	
9.52232102e+001	4.41770279e-001	
9.53782969e+001	4.39756550e-001	
9.55333835e+001	4.36435228e-001	
9.56884702e+001	4.31654649e-001	
9.58435568e+001	4.23055496e-001	
9.59986435e+001	4.12079309e-001	
9.61537302e+001	3.99391269e-001	
9.63088168e+001	3.82246582e-001	
9.64639035e+001	3.63698689e-001	
9.66189902e+001	3.43953592e-001	
9.67740768e+001	3.21946070e-001	
9.69291635e+001	2.97590241e-001	
9.70842501e+001	2.70272188e-001	
9.72393368e+001	2.47680743e-001	
9.73944235e+001	2.27457789e-001	
9.75495101e+001	2.11005248e-001	
9.77045968e+001	1.94552706e-001	
9.78596834e+001	1.78323580e-001	
9.80147701e+001	1.63178822e-001	
9.81698568e+001	1.49564747e-001	
9.83249434e+001	1.37151813e-001	
9.84800301e+001	1.29108984e-001	
9.86351168e+001	1.20998597e-001	
9.87902034e+001	1.12816867e-001	
9.89452901e+001	1.07323428e-001	
9.91003767e+001	1.02894735e-001	
9.92554634e+001	9.84660425e-002	
9.94105501e+001	9.36804152e-002	
9.95656367e+001	8.94059808e-002	
9.97207234e+001	8.70227326e-002	
9.98758100e+001	8.52564806e-002	
1.00030897e+002	8.38378864e-002	
1.00185983e+002	8.28404737e-002	
1.00341070e+002	8.19512148e-002	
1.00496157e+002	8.11482256e-002	
1.00651243e+002	7.99473090e-002	
1.00806330e+002	7.79952636e-002	
1.00961417e+002	7.65517279e-002	
1.01116503e+002	7.46335833e-002	
1.01271590e+002	7.25909918e-002	
1.01426677e+002	7.04269125e-002	
1.01581763e+002	6.73298251e-002	
1.01736850e+002	6.42093085e-002	
1.01891937e+002	6.23424381e-002	
1.02047023e+002	6.04755677e-002	
1.02202110e+002	5.85708840e-002	
1.02357197e+002	5.61185642e-002	
1.02512283e+002	5.39542405e-002	
1.02667370e+002	5.20743365e-002	
1.02822457e+002	5.03881236e-002	
1.02977543e+002	4.87631677e-002	
1.03132630e+002	4.68467951e-002	
1.03287717e+002	4.56211254e-002	
1.03442803e+002	4.45483567e-002	
1.03597890e+002	4.34755880e-002	
1.03752977e+002	4.22824549e-002	
1.03908063e+002	4.10512280e-002	
1.04063150e+002	3.99135222e-002	
1.04218237e+002	3.89209705e-002	
1.04373323e+002	3.80316254e-002	
1.04528410e+002	3.67112060e-002	
1.04683497e+002	3.52910959e-002	
1.04838583e+002	3.35186501e-002	
1.04993670e+002	3.15852847e-002	
1.05148757e+002	2.92622416e-002	
1.05303843e+002	2.61790558e-002	
1.05458930e+002	2.26944539e-002	
1.05614017e+002	1.92547955e-002	
1.05769103e+002	1.64693648e-002	
1.05924190e+002	1.36839340e-002	
1.06079277e+002	1.08596454e-002	
1.06234363e+002	7.59594675e-003	
1.06389450e+002	4.69117989e-003	
1.06544536e+002	2.11801328e-003	
1.06699623e+002	2.99472914e-004	
1.06854710e+002	-2.11784119e-003	
1.07009796e+002	-4.81429897e-003	
1.07164883e+002	-7.16658031e-003	
1.07319970e+002	-9.58579264e-003	
1.07475056e+002	-1.23620805e-002	
1.07630143e+002	-1.47257252e-002	
1.07785230e+002	-1.69228614e-002	
1.07940316e+002	-1.91199976e-002	
1.08095403e+002	-2.20086580e-002	
1.08250490e+002	-2.53836080e-002	
1.08405576e+002	-2.89281141e-002	
1.08560663e+002	-3.15821592e-002	
1.08715750e+002	-3.43105363e-002	
1.08870836e+002	-3.70389134e-002	
1.09025923e+002	-4.05377325e-002	
1.09181010e+002	-4.55073811e-002	
1.09336096e+002	-4.84095863e-002	
1.09491183e+002	-5.09549785e-002	
1.09646270e+002	-5.42715384e-002	
1.09801356e+002	-5.62557474e-002	
1.09956443e+002	-5.75056100e-002	
1.10111530e+002	-5.83310791e-002	
1.10266616e+002	-5.89780717e-002	
1.10421703e+002	-5.94708606e-002	
1.10576790e+002	-5.95841882e-002	
1.10731876e+002	-5.98034473e-002	
1.10886963e+002	-6.00227064e-002	
1.11042050e+002	-6.03757438e-002	
1.11197136e+002	-6.07635388e-002	
1.11352223e+002	-6.11794840e-002	
1.11507310e+002	-6.15592959e-002	
1.11662396e+002	-6.19256869e-002	
1.11817483e+002	-6.22920780e-002	
1.11972570e+002	-6.29016929e-002	
1.12127656e+002	-6.36710714e-002	
1.12282743e+002	-6.44786620e-002	
1.12437830e+002	-6.52979083e-002	
1.12592916e+002	-6.59179751e-002	
1.12748003e+002	-6.65380419e-002	
1.12903090e+002	-6.72193863e-002	
1.13058176e+002	-6.80094639e-002	
1.13213263e+002	-6.84226096e-002	
1.13368350e+002	-6.88290347e-002	
1.13523436e+002	-6.95184015e-002	
1.13678523e+002	-6.93771404e-002	
1.13833610e+002	-6.87816569e-002	
1.13988696e+002	-6.77520429e-002	
1.14143783e+002	-6.63633778e-002	
1.14298870e+002	-6.46846503e-002	
1.14453956e+002	-6.35965001e-002	
1.14609043e+002	-6.19075071e-002	
1.14764130e+002	-5.99386594e-002	
1.14919216e+002	-5.90290331e-002	
1.15074303e+002	-5.82794459e-002	
1.15229390e+002	-5.75298588e-002	
1.15384476e+002	-5.69827861e-002	
1.15539563e+002	-5.66085308e-002	
1.15694650e+002	-5.66934786e-002	
1.15849736e+002	-5.69280397e-002	
1.16004823e+002	-5.72718966e-002	
1.16159910e+002	-5.79017401e-002	
1.16314996e+002	-5.89185119e-002	
1.16470083e+002	-6.00527526e-002	
1.16625169e+002	-6.11869934e-002	
1.16780256e+002	-6.25432780e-002	
1.16935343e+002	-6.42663687e-002	
1.17090429e+002	-6.64921965e-002	
1.17245516e+002	-6.89136043e-002	
1.17400603e+002	-7.15754428e-002	
1.17555689e+002	-7.42372813e-002	
1.17710776e+002	-7.70660952e-002	
1.17865863e+002	-8.10000780e-002	
1.18020949e+002	-8.53935719e-002	
1.18176036e+002	-8.99597137e-002	
1.18331123e+002	-9.33488163e-002	
1.18486209e+002	-9.67379189e-002	
1.18641296e+002	-1.00127021e-001	
1.18796383e+002	-1.03405396e-001	
1.18951469e+002	-1.06457767e-001	
1.19106556e+002	-1.09068453e-001	
1.19261643e+002	-1.10801220e-001	
1.19416729e+002	-1.12260539e-001	
1.19571816e+002	-1.13719858e-001	
1.19726903e+002	-1.15643512e-001	
1.19881989e+002	-1.17772389e-001	
1.20037076e+002	-1.19235168e-001	
1.20192163e+002	-1.21143302e-001	
1.20347249e+002	-1.23084519e-001	
1.20502336e+002	-1.25242470e-001	
1.20657423e+002	-1.27393171e-001	
1.20812509e+002	-1.29517059e-001	
1.20967596e+002	-1.32283198e-001	
1.21122683e+002	-1.35003303e-001	
1.21277769e+002	-1.37251008e-001	
1.21432856e+002	-1.39498714e-001	
1.21587943e+002	-1.41872789e-001	
1.21743029e+002	-1.44974806e-001	
1.21898116e+002	-1.48116275e-001	
1.22053203e+002	-1.51898492e-001	
1.22208289e+002	-1.53634010e-001	
1.22363376e+002	-1.55369529e-001	
1.22518463e+002	-1.57105047e-001	
1.22673549e+002	-1.56978933e-001	
1.22828636e+002	-1.55434371e-001	
1.22983723e+002	-1.51535191e-001	
1.23138809e+002	-1.47548293e-001	
1.23293896e+002	-1.43536577e-001	
1.23448983e+002	-1.39524862e-001	
1.23604069e+002	-1.34830457e-001	
1.23759156e+002	-1.29873250e-001	
1.23914243e+002	-1.25821082e-001	
1.24069329e+002	-1.24304782e-001	
1.24224416e+002	-1.22377799e-001	
1.24379503e+002	-1.20450816e-001	
1.24534589e+002	-1.18789098e-001	
1.24689676e+002	-1.17508448e-001	
1.24844763e+002	-1.17280106e-001	
1.24999849e+002	-1.17494456e-001	
1.25154936e+002	-1.18341955e-001	
1.25310023e+002	-1.19189454e-001	
1.25465109e+002	-1.20278182e-001	
1.25620196e+002	-1.22591404e-001	
1.25775283e+002	-1.24904625e-001	
1.25930369e+002	-1.28008589e-001	
1.26085456e+002	-1.31918796e-001	
1.26240543e+002	-1.35829004e-001	
1.26395629e+002	-1.39739212e-001	
1.26550716e+002	-1.45083705e-001	
1.26705802e+002	-1.52066871e-001	
1.26860889e+002	-1.61769541e-001	
1.27015976e+002	-1.69633035e-001	
1.27171062e+002	-1.77024675e-001	
1.27326149e+002	-1.84416316e-001	
1.27481236e+002	-1.93407489e-001	
1.27636322e+002	-2.02718164e-001	
1.27791409e+002	-2.08378115e-001	
1.27946496e+002	-2.16075446e-001	
1.28101582e+002	-2.24514503e-001	
1.28256669e+002	-2.30939936e-001	
1.28411756e+002	-2.37004900e-001	
1.28566842e+002	-2.42617626e-001	
1.28721929e+002	-2.51848487e-001	
1.28877016e+002	-2.60700262e-001	
1.29032102e+002	-2.67399911e-001	
1.29187189e+002	-2.74099561e-001	
1.29342276e+002	-2.81183481e-001	
1.29497362e+002	-2.90003202e-001	
1.29652449e+002	-3.00004289e-001	
1.29807536e+002	-3.11872767e-001	
1.29962622e+002	-3.20634489e-001	
1.30117709e+002	-3.31068731e-001	
1.30272796e+002	-3.43196497e-001	
1.30427882e+002	-3.53655453e-001	
1.30582969e+002	-3.65238543e-001	
1.30738056e+002	-3.78896554e-001	
1.30893142e+002	-3.89814527e-001	
1.31048229e+002	-4.00100127e-001	
1.31203316e+002	-4.10385727e-001	
1.31358402e+002	-4.18166344e-001	
1.31513489e+002	-4.23689366e-001	
1.31668576e+002	-4.21523457e-001	
1.31823662e+002	-4.25670225e-001	
1.31978749e+002	-4.27250049e-001	
1.32133836e+002	-4.18694102e-001	
1.32288922e+002	-4.09933040e-001	
1.32444009e+002	-4.00915006e-001	
1.32599096e+002	-3.92960931e-001	
1.32754182e+002	-3.86808068e-001	
1.32909269e+002	-3.84167531e-001	
1.33064356e+002	-3.83693235e-001	
1.33219442e+002	-3.84939366e-001	
1.33374529e+002	-3.90375853e-001	
1.33529616e+002	-3.98980245e-001	
1.33684702e+002	-4.15041099e-001	
1.33839789e+002	-4.25544194e-001	
1.33994876e+002	-4.41952368e-001	
1.34149962e+002	-4.63954219e-001	
1.34305049e+002	-4.88313322e-001	
1.34460136e+002	-5.15853200e-001	
1.34615222e+002	-5.48170011e-001	
1.34770309e+002	-5.88156998e-001	
1.34925396e+002	-6.31473019e-001	
1.35080482e+002	-6.79572266e-001	
1.35235569e+002	-7.30684055e-001	
1.35390656e+002	-7.83971535e-001	
1.35545742e+002	-8.42708943e-001	
1.35700829e+002	-9.04485310e-001	
1.35855916e+002	-9.63538763e-001	
1.36011002e+002	-1.01397462e+000	
1.36166089e+002	-1.06336182e+000	
1.36321176e+002	-1.11151974e+000	
1.36476262e+002	-1.14151190e+000	
1.36631349e+002	-1.16666946e+000	
1.36786435e+002	-1.18634487e+000	
1.36941522e+002	-1.20082861e+000	
1.37096609e+002	-1.21232467e+000	
1.37251695e+002	-1.21836908e+000	
1.37406782e+002	-1.22279841e+000	
1.37561869e+002	-1.22615552e+000	
1.37716955e+002	-1.22825021e+000	
1.37872042e+002	-1.22978137e+000	
1.38027129e+002	-1.23081322e+000	
1.38182215e+002	-1.23102484e+000	
1.38337302e+002	-1.23121001e+000	
1.38492389e+002	-1.23139517e+000	
1.38647475e+002	-1.23106552e+000	
1.38802562e+002	-1.23064202e+000	
1.38957649e+002	-1.23021851e+000	
1.39112735e+002	-1.22928504e+000	
1.39267822e+002	-1.22802891e+000	
1.39422909e+002	-1.22611221e+000	
1.39577995e+002	-1.22257860e+000	
1.39733082e+002	-1.21674315e+000	
1.39888169e+002	-1.21205405e+000	
1.40043255e+002	-1.20237240e+000	
1.40198342e+002	-1.18721842e+000	
1.40353429e+002	-1.17206444e+000	
1.40508515e+002	-1.15161826e+000	
1.40663602e+002	-1.12152167e+000	
1.40818689e+002	-1.08315730e+000	
1.40973775e+002	-1.04239032e+000	
1.41128862e+002	-1.00082407e+000	
1.41283949e+002	-9.56048155e-001	
1.41439035e+002	-9.15182379e-001	
1.41594122e+002	-8.87675804e-001	
1.41749209e+002	-8.60169228e-001	
1.41904295e+002	-8.32662653e-001	
1.42059382e+002	-8.02032971e-001	
1.42214469e+002	-7.76705044e-001	
1.42369555e+002	-7.58643523e-001	
1.42524642e+002	-7.47888657e-001	
1.42679729e+002	-7.38298635e-001	
1.42834815e+002	-7.28708614e-001	
1.42989902e+002	-7.22843992e-001	
1.43144989e+002	-7.19030677e-001	
1.43300075e+002	-7.18629557e-001	
1.43455162e+002	-7.23591576e-001	
1.43610249e+002	-7.32309660e-001	
1.43765335e+002	-7.38817382e-001	
1.43920422e+002	-7.50603336e-001	
1.44075509e+002	-7.67801130e-001	
1.44230595e+002	-7.87467278e-001	
1.44385682e+002	-8.08232569e-001	
1.44540769e+002	-8.30558498e-001	
1.44695855e+002	-8.70705591e-001	
1.44850942e+002	-9.11465552e-001	
1.45006029e+002	-9.41351179e-001	
1.45161115e+002	-9.71236806e-001	
1.45316202e+002	-9.99634800e-001	
1.45471289e+002	-1.03761372e+000	
1.45626375e+002	-1.06085355e+000	
1.45781462e+002	-1.07268540e+000	
1.45936549e+002	-1.08801189e+000	
1.46091635e+002	-1.10064914e+000	
1.46246722e+002	-1.10987243e+000	
1.46401809e+002	-1.11320610e+000	
1.46556895e+002	-1.11573036e+000	
1.46711982e+002	-1.11825462e+000	
1.46867068e+002	-1.11903880e+000	
1.47022155e+002	-1.11926220e+000	
1.47177242e+002	-1.11948561e+000	
1.47332328e+002	-1.11996993e+000	
1.47487415e+002	-1.12070732e+000	
1.47642502e+002	-1.12021836e+000	
1.47797588e+002	-1.11979052e+000	
1.47952675e+002	-1.11942127e+000	
1.48107762e+002	-1.11905202e+000	
1.48262848e+002	-1.11823888e+000	
1.48417935e+002	-1.11672412e+000	
1.48573022e+002	-1.11315226e+000	
1.48728108e+002	-1.10886125e+000	
1.48883195e+002	-1.10377550e+000	
1.49038282e+002	-1.09605385e+000	
1.49193368e+002	-1.08711557e+000	
1.49348455e+002	-1.06517800e+000	
1.49503542e+002	-1.03990941e+000	
1.49658628e+002	-1.01216597e+000	
1.49813715e+002	-9.81037407e-001	
1.49968802e+002	-9.49908847e-001	
1.50123888e+002	-9.18780288e-001	
1.50278975e+002	-8.74918079e-001	
1.50434062e+002	-8.34566754e-001	
1.50589148e+002	-8.04151316e-001	
1.50744235e+002	-7.75051336e-001	
1.50899322e+002	-7.48506185e-001	
1.51054408e+002	-7.30046650e-001	
1.51209495e+002	-7.12711243e-001	
1.51364582e+002	-6.93917378e-001	
1.51519668e+002	-6.84567125e-001	
1.51674755e+002	-6.76544407e-001	
1.51829842e+002	-6.69712810e-001	
1.51984928e+002	-6.70256440e-001	
1.52140015e+002	-6.68152643e-001	
1.52295102e+002	-6.61758881e-001	
1.52450188e+002	-6.72769266e-001	
1.52605275e+002	-6.84664652e-001	
1.52760362e+002	-6.90520031e-001	
1.52915448e+002	-7.04716581e-001	
1.53070535e+002	-7.20497869e-001	
1.53225622e+002	-7.38901636e-001	
1.53380708e+002	-7.68450403e-001	
1.53535795e+002	-8.05192892e-001	
1.53690882e+002	-8.32851251e-001	
1.53845968e+002	-8.60509609e-001	
1.54001055e+002	-8.88167968e-001	
1.54156142e+002	-9.28372793e-001	
1.54311228e+002	-9.61320127e-001	
1.54466315e+002	-9.78626698e-001	
1.54621402e+002	-1.00158508e+000	
1.54776488e+002	-1.02285470e+000	
1.54931575e+002	-1.03331442e+000	
1.55086662e+002	-1.03953669e+000	
1.55241748e+002	-1.04520490e+000	
1.55396835e+002	-1.04881803e+000	
1.55551922e+002	-1.05099949e+000	
1.55707008e+002	-1.05197970e+000	
1.55862095e+002	-1.05295991e+000	
1.56017182e+002	-1.05404218e+000	
1.56172268e+002	-1.05526493e+000	
1.56327355e+002	-1.05479213e+000	
1.56482442e+002	-1.05426881e+000	
1.56637528e+002	-1.05428025e+000	
1.56792615e+002	-1.05405730e+000	
1.56947701e+002	-1.05397204e+000	
1.57102788e+002	-1.05349717e+000	
1.57257875e+002	-1.05302230e+000	
1.57412961e+002	-1.05242249e+000	
1.57568048e+002	-1.04954854e+000	
1.57723135e+002	-1.04469961e+000	
1.57878221e+002	-1.03780012e+000	
1.58033308e+002	-1.02932639e+000	
1.58188395e+002	-1.02073263e+000	
1.58343481e+002	-1.01213887e+000	
1.58498568e+002	-9.82840110e-001	
1.58653655e+002	-9.48671410e-001	
1.58808741e+002	-9.14829022e-001	
1.58963828e+002	-8.82726570e-001	
1.59118915e+002	-8.47191537e-001	
1.59274001e+002	-8.12126519e-001	
1.59429088e+002	-7.78436032e-001	
1.59584175e+002	-7.45823865e-001	
1.59739261e+002	-7.19662427e-001	
1.59894348e+002	-6.97817648e-001	
1.60049435e+002	-6.81514321e-001	
1.60204521e+002	-6.65210995e-001	
1.60359608e+002	-6.51393358e-001	
1.60514695e+002	-6.42991563e-001	
1.60669781e+002	-6.34589767e-001	
1.60824868e+002	-6.27657349e-001	
1.60979955e+002	-6.24285822e-001	
1.61135041e+002	-6.25651543e-001	
1.61290128e+002	-6.29936629e-001	
1.61445215e+002	-6.36113588e-001	
1.61600301e+002	-6.42290547e-001	
1.61755388e+002	-6.48467505e-001	
1.61910475e+002	-6.63021598e-001	
1.62065561e+002	-6.80256498e-001	
1.62220648e+002	-7.01016733e-001	
1.62375735e+002	-7.27886037e-001	
1.62530821e+002	-7.56046358e-001	
1.62685908e+002	-7.84139858e-001	
1.62840995e+002	-8.10594343e-001	
1.62996081e+002	-8.41220719e-001	
1.63151168e+002	-8.79335435e-001	
1.63306255e+002	-9.04285425e-001	
1.63461341e+002	-9.19587467e-001	
1.63616428e+002	-9.34889508e-001	
1.63771515e+002	-9.49977164e-001	
1.63926601e+002	-9.64807306e-001	
1.64081688e+002	-9.70272756e-001	
1.64236775e+002	-9.73576432e-001	
1.64391861e+002	-9.74788057e-001	
1.64546948e+002	-9.75999683e-001	
1.64702035e+002	-9.77130944e-001	
1.64857121e+002	-9.79470765e-001	
1.65012208e+002	-9.79930160e-001	
1.65167295e+002	-9.79431351e-001	
1.65322381e+002	-9.79663738e-001	
1.65477468e+002	-9.79896125e-001	
1.65632555e+002	-9.80128511e-001	
1.65787641e+002	-9.79671427e-001	
1.65942728e+002	-9.79187473e-001	
1.66097815e+002	-9.78703518e-001	
1.66252901e+002	-9.77708356e-001	
1.66407988e+002	-9.76005883e-001	
1.66563075e+002	-9.72721110e-001	
1.66718161e+002	-9.67905150e-001	
1.66873248e+002	-9.61340898e-001	
1.67028334e+002	-9.54776646e-001	
1.67183421e+002	-9.43290512e-001	
1.67338508e+002	-9.28161018e-001	
1.67493594e+002	-9.04768465e-001	
1.67648681e+002	-8.77862607e-001	
1.67803768e+002	-8.47008298e-001	
1.67958854e+002	-8.11326950e-001	
1.68113941e+002	-7.75743405e-001	
1.68269028e+002	-7.41244711e-001	
1.68424114e+002	-7.09422927e-001	
1.68579201e+002	-6.83588279e-001	
1.68734288e+002	-6.64864488e-001	
1.68889374e+002	-6.46140698e-001	
1.69044461e+002	-6.27469174e-001	
1.69199548e+002	-6.09257181e-001	
1.69354634e+002	-5.95361218e-001	
1.69509721e+002	-5.85132638e-001	
1.69664808e+002	-5.79582509e-001	
1.69819894e+002	-5.75513299e-001	
1.69974981e+002	-5.73369761e-001	
1.70130068e+002	-5.73777468e-001	
1.70285154e+002	-5.76004650e-001	
1.70440241e+002	-5.81559742e-001	
1.70595328e+002	-5.87877904e-001	
1.70750414e+002	-5.96800133e-001	
1.70905501e+002	-6.12250793e-001	
1.71060588e+002	-6.28316136e-001	
1.71215674e+002	-6.45278646e-001	
1.71370761e+002	-6.72048552e-001	
1.71525848e+002	-6.98633160e-001	
1.71680934e+002	-7.25022842e-001	
1.71836021e+002	-7.51412524e-001	
1.71991108e+002	-7.78578032e-001	
1.72146194e+002	-8.07095179e-001	
1.72301281e+002	-8.30397499e-001	
1.72456368e+002	-8.48008707e-001	
1.72611454e+002	-8.58534607e-001	
1.72766541e+002	-8.67811872e-001	
1.72921628e+002	-8.75905502e-001	
1.73076714e+002	-8.79571882e-001	
1.73231801e+002	-8.83238261e-001	
1.73386888e+002	-8.86904641e-001	
1.73541974e+002	-8.87284927e-001	
1.73697061e+002	-8.87651514e-001	
1.73852148e+002	-8.88018102e-001	
1.74007234e+002	-8.88027179e-001	
1.74162321e+002	-8.88287461e-001	
1.74317408e+002	-8.89218120e-001	
1.74472494e+002	-8.89128593e-001	
1.74627581e+002	-8.88631569e-001	
1.74782668e+002	-8.87984495e-001	
1.74937754e+002	-8.87697436e-001	
1.75092841e+002	-8.87508806e-001	
1.75247928e+002	-8.85673390e-001	
1.75403014e+002	-8.83274012e-001	
1.75558101e+002	-8.80319926e-001	
1.75713188e+002	-8.77365840e-001	
1.75868274e+002	-8.72190788e-001	
1.76023361e+002	-8.63411100e-001	
1.76178448e+002	-8.47948263e-001	
1.76333534e+002	-8.32846197e-001	
1.76488621e+002	-8.15770779e-001	
1.76643708e+002	-7.87044937e-001	
1.76798794e+002	-7.53970690e-001	
1.76953881e+002	-7.25488695e-001	
1.77108968e+002	-6.92303762e-001	
1.77264054e+002	-6.55819084e-001	
1.77419141e+002	-6.34433204e-001	
1.77574227e+002	-6.13047324e-001	
1.77729314e+002	-5.91661444e-001	
1.77884401e+002	-5.72199945e-001	
1.78039487e+002	-5.54855895e-001	
1.78194574e+002	-5.41358502e-001	
1.78349661e+002	-5.32327560e-001	
1.78504747e+002	-5.23518882e-001	
1.78659834e+002	-5.16625866e-001	
1.78814921e+002	-5.13609355e-001	
1.78970007e+002	-5.12738110e-001	
1.79125094e+002	-5.11866866e-001	
1.79280181e+002	-5.13602271e-001	
1.79435267e+002	-5.17735795e-001	
1.79590354e+002	-5.27679923e-001	
1.79745441e+002	-5.36587341e-001	
1.79900527e+002	-5.43553850e-001	
1.80055614e+002	-5.62171776e-001	
1.80210701e+002	-5.80294320e-001	
1.80365787e+002	-5.97097785e-001	
1.80520874e+002	-6.20659209e-001	
1.80675961e+002	-6.47056732e-001	
1.80831047e+002	-6.74140022e-001	
1.80986134e+002	-6.98550964e-001	
1.81141221e+002	-7.20950465e-001	
1.81296307e+002	-7.38057245e-001	
1.81451394e+002	-7.51698903e-001	
1.81606481e+002	-7.61397012e-001	
1.81761567e+002	-7.66035495e-001	
1.81916654e+002	-7.70150582e-001	
1.82071741e+002	-7.74265668e-001	
1.82226827e+002	-7.76482967e-001	
1.82381914e+002	-7.78467337e-001	
1.82537001e+002	-7.79031660e-001	
1.82692087e+002	-7.79342500e-001	
1.82847174e+002	-7.79523021e-001	
1.83002261e+002	-7.79703543e-001	
1.83157347e+002	-7.80059326e-001	
1.83312434e+002	-7.80565928e-001	
1.83467521e+002	-7.80439036e-001	
1.83622607e+002	-7.80226403e-001	
1.83777694e+002	-7.79914641e-001	
1.83932781e+002	-7.79602880e-001	
1.84087867e+002	-7.79518637e-001	
1.84242954e+002	-7.79041843e-001	
1.84398041e+002	-7.76596180e-001	
1.84553127e+002	-7.73134226e-001	
1.84708214e+002	-7.68249416e-001	
1.84863301e+002	-7.63364605e-001	
1.85018387e+002	-7.58105151e-001	
1.85173474e+002	-7.45045849e-001	
1.85328561e+002	-7.28081962e-001	
1.85483647e+002	-7.06961667e-001	
1.85638734e+002	-6.82718198e-001	
1.85793821e+002	-6.55265319e-001	
1.85948907e+002	-6.22603881e-001	
1.86103994e+002	-5.97592488e-001	
1.86259081e+002	-5.72325064e-001	
1.86414167e+002	-5.49485883e-001	
1.86569254e+002	-5.27520206e-001	
1.86724341e+002	-5.06842835e-001	
1.86879427e+002	-4.92832724e-001	
1.87034514e+002	-4.79038787e-001	
1.87189601e+002	-4.65418757e-001	
1.87344687e+002	-4.57390115e-001	
1.87499774e+002	-4.50565433e-001	
1.87654860e+002	-4.45274429e-001	
1.87809947e+002	-4.42593567e-001	
1.87965034e+002	-4.41117842e-001	
1.88120120e+002	-4.41002713e-001	
1.88275207e+002	-4.43715154e-001	
1.88430294e+002	-4.47744542e-001	
1.88585380e+002	-4.53349553e-001	
1.88740467e+002	-4.61097706e-001	
1.88895554e+002	-4.70612808e-001	
1.89050640e+002	-4.87257560e-001	
1.89205727e+002	-5.03245099e-001	
1.89360814e+002	-5.18578160e-001	
1.89515900e+002	-5.38124617e-001	
1.89670987e+002	-5.58649501e-001	
1.89826074e+002	-5.80337793e-001	
1.89981160e+002	-5.99409122e-001	
1.90136247e+002	-6.18089832e-001	
1.90291334e+002	-6.31501614e-001	
1.90446420e+002	-6.39624410e-001	
1.90601507e+002	-6.45412474e-001	
1.90756594e+002	-6.51200539e-001	
1.90911680e+002	-6.55129660e-001	
1.91066767e+002	-6.57661263e-001	
1.91221854e+002	-6.60192866e-001	
1.91376940e+002	-6.61440040e-001	
1.91532027e+002	-6.61104140e-001	
1.91687114e+002	-6.61914542e-001	
1.91842200e+002	-6.62433428e-001	
1.91997287e+002	-6.62344653e-001	
1.92152374e+002	-6.62255878e-001	
1.92307460e+002	-6.62068800e-001	
1.92462547e+002	-6.61493558e-001	
1.92617634e+002	-6.61486541e-001	
1.92772720e+002	-6.61787931e-001	
1.92927807e+002	-6.61968884e-001	
1.93082894e+002	-6.61407230e-001	
1.93237980e+002	-6.60153745e-001	
1.93393067e+002	-6.59072883e-001	
1.93548154e+002	-6.56573454e-001	
1.93703240e+002	-6.51887198e-001	
1.93858327e+002	-6.46445481e-001	
1.94013414e+002	-6.39111355e-001	
1.94168500e+002	-6.29737429e-001	
1.94323587e+002	-6.13277787e-001	
1.94478674e+002	-5.93786556e-001	
1.94633760e+002	-5.73476897e-001	
1.94788847e+002	-5.48186837e-001	
1.94943934e+002	-5.19635687e-001	
1.95099020e+002	-4.99896798e-001	
1.95254107e+002	-4.78704632e-001	
1.95409194e+002	-4.55837730e-001	
1.95564280e+002	-4.37460103e-001	
1.95719367e+002	-4.23293179e-001	
1.95874454e+002	-4.11795665e-001	
1.96029540e+002	-3.99581614e-001	
1.96184627e+002	-3.88662455e-001	
1.96339714e+002	-3.83088735e-001	
1.96494800e+002	-3.77515014e-001	
1.96649887e+002	-3.72138524e-001	
1.96804974e+002	-3.68622845e-001	
1.96960060e+002	-3.67528725e-001	
1.97115147e+002	-3.68544620e-001	
1.97270234e+002	-3.72166827e-001	
1.97425320e+002	-3.75861595e-001	
1.97580407e+002	-3.79556362e-001	
1.97735493e+002	-3.86280461e-001	
1.97890580e+002	-3.94236005e-001	
1.98045667e+002	-4.02191549e-001	
1.98200753e+002	-4.16653161e-001	
1.98355840e+002	-4.33470547e-001	
1.98510927e+002	-4.49853127e-001	
1.98666013e+002	-4.65141040e-001	
1.98821100e+002	-4.79886708e-001	
1.98976187e+002	-4.98555458e-001	
1.99131273e+002	-5.11545972e-001	
1.99286360e+002	-5.18415668e-001	
1.99441447e+002	-5.25285364e-001	
1.99596533e+002	-5.30967114e-001	
1.99751620e+002	-5.36431861e-001	
1.99906707e+002	-5.38579899e-001	
2.00061793e+002	-5.39717966e-001	
2.00216880e+002	-5.40321629e-001	
2.00371967e+002	-5.41217703e-001	
2.00527053e+002	-5.42127921e-001	
2.00682140e+002	-5.42033852e-001	
2.00837227e+002	-5.42067684e-001	
2.00992313e+002	-5.42205731e-001	
2.01147400e+002	-5.42152206e-001	
2.01302487e+002	-5.42096664e-001	
2.01457573e+002	-5.42041121e-001	
2.01612660e+002	-5.41837098e-001	
2.01767747e+002	-5.41528182e-001	
2.01922833e+002	-5.41219267e-001	
2.02077920e+002	-5.40866081e-001	
2.02233007e+002	-5.40250430e-001	
2.02388093e+002	-5.38525817e-001	
2.02543180e+002	-5.36760071e-001	
2.02698267e+002	-5.34703334e-001	
2.02853353e+002	-5.28434753e-001	
2.03008440e+002	-5.20516408e-001	
2.03163527e+002	-5.10934428e-001	
2.03318613e+002	-4.96703274e-001	
2.03473700e+002	-4.82396520e-001	
2.03628787e+002	-4.64325855e-001	
2.03783873e+002	-4.41623830e-001	
2.03938960e+002	-4.19509611e-001	
2.04094047e+002	-4.02288514e-001	
2.04249133e+002	-3.82592759e-001	
2.04404220e+002	-3.63147040e-001	
2.04559307e+002	-3.52860746e-001	
2.04714393e+002	-3.42574451e-001	
2.04869480e+002	-3.32278026e-001	
2.05024567e+002	-3.20367827e-001	
2.05179653e+002	-3.11010022e-001	
2.05334740e+002	-3.04838231e-001	
2.05489827e+002	-3.01231243e-001	
2.05644913e+002	-2.97595701e-001	
2.05800000e+002	-2.94611138e-001	
2.05955087e+002	-2.92491587e-001	
2.06110173e+002	-2.91644802e-001	
2.06265260e+002	-2.94825104e-001	
2.06420347e+002	-2.97538073e-001	
2.06575433e+002	-3.00183513e-001	
2.06730520e+002	-3.05237395e-001	
2.06885607e+002	-3.12712434e-001	
2.07040693e+002	-3.22471373e-001	
2.07195780e+002	-3.31283619e-001	
2.07350867e+002	-3.41503789e-001	
2.07505953e+002	-3.56370490e-001	
2.07661040e+002	-3.68786319e-001	
2.07816126e+002	-3.80645521e-001	
2.07971213e+002	-3.92353966e-001	
2.08126300e+002	-4.00665434e-001	
2.08281386e+002	-4.07319472e-001	
2.08436473e+002	-4.12500044e-001	
2.08591560e+002	-4.16339680e-001	
2.08746646e+002	-4.19154006e-001	
2.08901733e+002	-4.18915582e-001	
2.09056820e+002	-4.19706337e-001	
2.09211906e+002	-4.21698184e-001	
2.09366993e+002	-4.21722892e-001	
2.09522080e+002	-4.21708017e-001	
2.09677166e+002	-4.21693142e-001	
2.09832253e+002	-4.21868490e-001	
2.09987340e+002	-4.22018993e-001	
2.10142426e+002	-4.21880614e-001	
2.10297513e+002	-4.21818846e-001	
2.10452600e+002	-4.21797576e-001	
2.10607686e+002	-4.21776307e-001	
2.10762773e+002	-4.21648839e-001	
2.10917860e+002	-4.21427668e-001	
2.11072946e+002	-4.20721399e-001	
2.11228033e+002	-4.20036440e-001	
2.11383120e+002	-4.19083393e-001	
2.11538206e+002	-4.16896076e-001	
2.11693293e+002	-4.13700193e-001	
2.11848380e+002	-4.08537882e-001	
2.12003466e+002	-4.03375571e-001	
2.12158553e+002	-3.97005871e-001	
2.12313640e+002	-3.84413578e-001	
2.12468726e+002	-3.70691818e-001	
2.12623813e+002	-3.55877672e-001	
2.12778900e+002	-3.32750852e-001	
2.12933986e+002	-3.11335253e-001	
2.13089073e+002	-2.91787501e-001	
2.13244160e+002	-2.68091842e-001	
2.13399246e+002	-2.46136223e-001	
2.13554333e+002	-2.27897688e-001	
2.13709420e+002	-2.06600104e-001	
2.13864506e+002	-1.86362693e-001	
2.14019593e+002	-1.72256050e-001	
2.14174680e+002	-1.59451978e-001	
2.14329766e+002	-1.47263995e-001	
2.14484853e+002	-1.34888316e-001	
2.14639940e+002	-1.25079246e-001	
2.14795026e+002	-1.17387867e-001	
2.14950113e+002	-1.09756821e-001	
2.15105200e+002	-1.02445282e-001	
2.15260286e+002	-9.72177012e-002	
2.15415373e+002	-9.26794947e-002	
2.15570460e+002	-8.84688948e-002	
2.15725546e+002	-8.47634851e-002	
2.15880633e+002	-8.19587006e-002	
2.16035720e+002	-7.95983768e-002	
2.16190806e+002	-7.78292824e-002	
2.16345893e+002	-7.65529162e-002	
2.16500980e+002	-7.55812832e-002	
2.16656066e+002	-7.46060267e-002	
2.16811153e+002	-7.35805387e-002	
2.16966240e+002	-7.25037614e-002	
2.17121326e+002	-7.03976884e-002	
2.17276413e+002	-6.86407041e-002	
2.17431500e+002	-6.65302042e-002	
2.17586586e+002	-6.46789186e-002	
2.17741673e+002	-6.26641653e-002	
2.17896759e+002	-5.99733563e-002	
2.18051846e+002	-5.77070930e-002	
2.18206933e+002	-5.56251244e-002	
2.18362019e+002	-5.34829699e-002	
2.18517106e+002	-5.15515764e-002	
2.18672193e+002	-4.97826805e-002	
2.18827279e+002	-4.79991664e-002	
2.18982366e+002	-4.60309457e-002	
2.19137453e+002	-4.42830458e-002	
2.19292539e+002	-4.27563793e-002	
2.19447626e+002	-4.14983833e-002	
2.19602713e+002	-4.07502514e-002	
2.19757799e+002	-3.93042774e-002	
2.19912886e+002	-3.78534348e-002	
2.20067973e+002	-3.73010339e-002	
2.20223059e+002	-3.64220529e-002	
2.20378146e+002	-3.53626200e-002	
2.20533233e+002	-3.44020163e-002	
2.20688319e+002	-3.30898672e-002	
2.20843406e+002	-3.14419192e-002	
2.20998493e+002	-3.02767195e-002	
2.21153579e+002	-2.86816687e-002	
2.21308666e+002	-2.65414992e-002	
2.21463753e+002	-2.38547281e-002	
2.21618839e+002	-2.10536837e-002	
2.21773926e+002	-1.82526394e-002	
2.21929013e+002	-1.54786181e-002	
2.22084099e+002	-1.27159710e-002	
2.22239186e+002	-9.95332382e-003	
2.22394273e+002	-6.97216846e-003	
2.22549359e+002	-3.83700525e-003	
2.22704446e+002	-8.70722211e-004	
2.22859533e+002	1.24036077e-003	
2.23014619e+002	3.28710322e-003	
2.23169706e+002	5.33384566e-003	
2.23324793e+002	7.65755378e-003	
2.23479879e+002	1.05300291e-002	
2.23634966e+002	1.30478404e-002	
2.23790053e+002	1.54075890e-002	
2.23945139e+002	1.75654263e-002	
2.24100226e+002	2.02161459e-002	
2.24255313e+002	2.31137575e-002	
2.24410399e+002	2.58356267e-002	
2.24565486e+002	2.86972146e-002	
2.24720573e+002	3.16836351e-002	
2.24875659e+002	3.44584385e-002	
2.25030746e+002	3.81849037e-002	
2.25185833e+002	4.25304145e-002	
2.25340919e+002	4.58823793e-002	
2.25496006e+002	4.90503466e-002	
2.25651093e+002	5.22183139e-002	
2.25806179e+002	5.47352343e-002	
2.25961266e+002	5.69998871e-002	
2.26116353e+002	5.92639749e-002	
2.26271439e+002	6.04068574e-002	
2.26426526e+002	6.08047717e-002	
2.26581613e+002	6.14407754e-002	
2.26736699e+002	6.18386556e-002	
2.26891786e+002	6.22273110e-002	
2.27046873e+002	6.23494900e-002	
2.27201959e+002	6.24787921e-002	
2.27357046e+002	6.26676061e-002	
2.27512133e+002	6.28564201e-002	
2.27667219e+002	6.31317992e-002	
2.27822306e+002	6.36983565e-002	
2.27977392e+002	6.42046350e-002	
2.28132479e+002	6.46949270e-002	
2.28287566e+002	6.53030635e-002	
2.28442652e+002	6.57945197e-002	
2.28597739e+002	6.61884812e-002	
2.28752826e+002	6.71893498e-002	
2.28907912e+002	6.80978087e-002	
2.29062999e+002	6.90000994e-002	
2.29218086e+002	6.96083553e-002	
2.29373172e+002	7.01689093e-002	
2.29528259e+002	7.07294633e-002	
2.29683346e+002	7.10622030e-002	
2.29838432e+002	7.12090446e-002	
2.29993519e+002	7.08653471e-002	
2.30148606e+002	6.99983308e-002	
2.30303692e+002	6.87725561e-002	
2.30458779e+002	6.70019411e-002	
2.30613866e+002	6.57469934e-002	
2.30768952e+002	6.42138662e-002	
2.30924039e+002	6.26878021e-002	
2.31079126e+002	6.11950788e-002	
2.31234212e+002	5.97585442e-002	
2.31389299e+002	5.89324172e-002	
2.31544386e+002	5.84011667e-002	
2.31699472e+002	5.83275319e-002	
2.31854559e+002	5.82538971e-002	
2.32009646e+002	5.82314962e-002	
2.32164732e+002	5.85746739e-002	
2.32319819e+002	5.89178517e-002	
2.32474906e+002	5.92610314e-002	
