% Column 0: Length, mm
% Column 1: B.n, Tesla
0.00000000e+000	5.61788786e-006	
1.55086662e-001	9.15687439e-004	
3.10173323e-001	1.84424489e-003	
4.65259985e-001	2.79647461e-003	
6.20346646e-001	3.52894596e-003	
7.75433308e-001	4.23061971e-003	
9.30519969e-001	4.93229346e-003	
1.08560663e+000	5.93551523e-003	
1.24069329e+000	7.02650224e-003	
1.39577995e+000	8.07338044e-003	
1.55086662e+000	9.08758845e-003	
1.70595328e+000	1.01148887e-002	
1.86103994e+000	1.15710656e-002	
2.01612660e+000	1.29697818e-002	
2.17121326e+000	1.40831971e-002	
2.32629992e+000	1.51966124e-002	
2.48138658e+000	1.64152935e-002	
2.63647325e+000	1.78018261e-002	
2.79155991e+000	1.90468959e-002	
2.94664657e+000	2.02555896e-002	
3.10173323e+000	2.14469948e-002	
3.25681989e+000	2.27305439e-002	
3.41190655e+000	2.40125738e-002	
3.56699322e+000	2.50430177e-002	
3.72207988e+000	2.60734617e-002	
3.87716654e+000	2.72636570e-002	
4.03225320e+000	2.89335789e-002	
4.18733986e+000	3.04035239e-002	
4.34242652e+000	3.16341357e-002	
4.49751319e+000	3.28709717e-002	
4.65259985e+000	3.42794190e-002	
4.80768651e+000	3.60312194e-002	
4.96277317e+000	3.74290416e-002	
5.11785983e+000	3.87216271e-002	
5.27294649e+000	4.00142127e-002	
5.42803315e+000	4.16485379e-002	
5.58311982e+000	4.34279305e-002	
5.73820648e+000	4.47779266e-002	
5.89329314e+000	4.62158344e-002	
6.04837980e+000	4.72153344e-002	
6.20346646e+000	4.86058553e-002	
6.35855312e+000	4.95269178e-002	
6.51363979e+000	4.97278552e-002	
6.66872645e+000	4.99287926e-002	
6.82381311e+000	4.99368600e-002	
6.97889977e+000	4.94469468e-002	
7.13398643e+000	4.88071178e-002	
7.28907309e+000	4.81415012e-002	
7.44415975e+000	4.76550342e-002	
7.59924642e+000	4.73779031e-002	
7.75433308e+000	4.76964687e-002	
7.90941974e+000	4.79431251e-002	
8.06450640e+000	4.81897815e-002	
8.21959306e+000	4.84364379e-002	
8.37467972e+000	4.95371526e-002	
8.52976639e+000	5.05128255e-002	
8.68485305e+000	5.10984201e-002	
8.83993971e+000	5.24914538e-002	
8.99502637e+000	5.41966692e-002	
9.15011303e+000	5.62247721e-002	
9.30519969e+000	5.82594363e-002	
9.46028636e+000	6.02974154e-002	
9.61537302e+000	6.23353945e-002	
9.77045968e+000	6.54289288e-002	
9.92554634e+000	6.91448663e-002	
1.00806330e+001	7.29199708e-002	
1.02357197e+001	7.69235280e-002	
1.03908063e+001	8.12425208e-002	
1.05458930e+001	8.55615135e-002	
1.07009796e+001	9.03495596e-002	
1.08560663e+001	9.62540567e-002	
1.10111530e+001	1.02979647e-001	
1.11662396e+001	1.09507942e-001	
1.13213263e+001	1.13671970e-001	
1.14764130e+001	1.17835998e-001	
1.16314996e+001	1.22213760e-001	
1.17865863e+001	1.26780369e-001	
1.19416729e+001	1.31150601e-001	
1.20967596e+001	1.35315251e-001	
1.22518463e+001	1.38816939e-001	
1.24069329e+001	1.42739356e-001	
1.25620196e+001	1.47482214e-001	
1.27171062e+001	1.51414683e-001	
1.28721929e+001	1.55149804e-001	
1.30272796e+001	1.58884924e-001	
1.31823662e+001	1.63953750e-001	
1.33374529e+001	1.69722283e-001	
1.34925396e+001	1.76046999e-001	
1.36476262e+001	1.82506217e-001	
1.38027129e+001	1.87753451e-001	
1.39577995e+001	1.93000685e-001	
1.41128862e+001	1.99255610e-001	
1.42679729e+001	2.06817148e-001	
1.44230595e+001	2.14215100e-001	
1.45781462e+001	2.21769440e-001	
1.47332328e+001	2.29719759e-001	
1.48883195e+001	2.35606963e-001	
1.50434062e+001	2.40822991e-001	
1.51984928e+001	2.46093349e-001	
1.53535795e+001	2.47771621e-001	
1.55086662e+001	2.49992900e-001	
1.56637528e+001	2.54705917e-001	
1.58188395e+001	2.53399950e-001	
1.59739261e+001	2.46199195e-001	
1.61290128e+001	2.44180988e-001	
1.62840995e+001	2.42235217e-001	
1.64391861e+001	2.39907516e-001	
1.65942728e+001	2.39957349e-001	
1.67493594e+001	2.41391761e-001	
1.69044461e+001	2.45297992e-001	
1.70595328e+001	2.51015594e-001	
1.72146194e+001	2.57517239e-001	
1.73697061e+001	2.64018884e-001	
1.75247928e+001	2.77414471e-001	
1.76798794e+001	2.90674851e-001	
1.78349661e+001	3.06388589e-001	
1.79900527e+001	3.24083430e-001	
1.81451394e+001	3.44179348e-001	
1.83002261e+001	3.69613007e-001	
1.84553127e+001	3.97705472e-001	
1.86103994e+001	4.29880779e-001	
1.87654860e+001	4.66018119e-001	
1.89205727e+001	5.03966009e-001	
1.90756594e+001	5.44268219e-001	
1.92307460e+001	5.87819785e-001	
1.93858327e+001	6.33940237e-001	
1.95409194e+001	6.75499394e-001	
1.96960060e+001	7.23121854e-001	
1.98510927e+001	7.76299303e-001	
2.00061793e+001	7.96678827e-001	
2.01612660e+001	8.15706454e-001	
2.03163527e+001	8.34734082e-001	
2.04714393e+001	8.53058998e-001	
2.06265260e+001	8.69146943e-001	
2.07816126e+001	8.79725864e-001	
2.09366993e+001	8.85138601e-001	
2.10917860e+001	8.88341568e-001	
2.12468726e+001	8.90735510e-001	
2.14019593e+001	8.92113541e-001	
2.15570460e+001	8.93076000e-001	
2.17121326e+001	8.94038459e-001	
2.18672193e+001	8.94336994e-001	
2.20223059e+001	8.93883097e-001	
2.21773926e+001	8.94477783e-001	
2.23324793e+001	8.94901494e-001	
2.24875659e+001	8.94799128e-001	
2.26426526e+001	8.94696761e-001	
2.27977392e+001	8.94434275e-001	
2.29528259e+001	8.93613549e-001	
2.31079126e+001	8.92788631e-001	
2.32629992e+001	8.92248127e-001	
2.34180859e+001	8.90173898e-001	
2.35731726e+001	8.87449014e-001	
2.37282592e+001	8.84166565e-001	
2.38833459e+001	8.78169543e-001	
2.40384325e+001	8.70696728e-001	
2.41935192e+001	8.61238428e-001	
2.43486059e+001	8.43483434e-001	
2.45036925e+001	8.21685787e-001	
2.46587792e+001	7.93542593e-001	
2.48138658e+001	7.63442778e-001	
2.49689525e+001	7.31541393e-001	
2.51240392e+001	6.94347247e-001	
2.52791258e+001	6.69958191e-001	
2.54342125e+001	6.49765111e-001	
2.55892992e+001	6.29572031e-001	
2.57443858e+001	6.09045321e-001	
2.58994725e+001	5.88164961e-001	
2.60545591e+001	5.76144145e-001	
2.62096458e+001	5.64799732e-001	
2.63647325e+001	5.53362564e-001	
2.65198191e+001	5.50684638e-001	
2.66749058e+001	5.49594375e-001	
2.68299924e+001	5.46638115e-001	
2.69850791e+001	5.48084841e-001	
2.71401658e+001	5.51258839e-001	
2.72952524e+001	5.55370110e-001	
2.74503391e+001	5.64128443e-001	
2.76054258e+001	5.76609616e-001	
2.77605124e+001	5.92053221e-001	
2.79155991e+001	6.07515485e-001	
2.80706857e+001	6.22977750e-001	
2.82257724e+001	6.46840009e-001	
2.83808591e+001	6.71960555e-001	
2.85359457e+001	6.97108555e-001	
2.86910324e+001	7.30447005e-001	
2.88461190e+001	7.64964450e-001	
2.90012057e+001	7.92581316e-001	
2.91562924e+001	8.11896646e-001	
2.93113790e+001	8.29718431e-001	
2.94664657e+001	8.47540217e-001	
2.96215524e+001	8.62458772e-001	
2.97766390e+001	8.74498286e-001	
2.99317257e+001	8.79281382e-001	
3.00868123e+001	8.82661401e-001	
3.02418990e+001	8.84494068e-001	
3.03969857e+001	8.86326734e-001	
3.05520723e+001	8.87522907e-001	
3.07071590e+001	8.86871816e-001	
3.08622457e+001	8.87490608e-001	
3.10173323e+001	8.88451107e-001	
3.11724190e+001	8.88798968e-001	
3.13275056e+001	8.89146829e-001	
3.14825923e+001	8.89475319e-001	
3.16376790e+001	8.87962932e-001	
3.17927656e+001	8.87543634e-001	
3.19478523e+001	8.88465972e-001	
3.21029389e+001	8.87337105e-001	
3.22580256e+001	8.85948191e-001	
3.24131123e+001	8.84559278e-001	
3.25681989e+001	8.80388608e-001	
3.27232856e+001	8.75045523e-001	
3.28783723e+001	8.68462994e-001	
3.30334589e+001	8.60013593e-001	
3.31885456e+001	8.47920269e-001	
3.33436322e+001	8.28878018e-001	
3.34987189e+001	8.05831327e-001	
3.36538056e+001	7.79069752e-001	
3.38088922e+001	7.47529635e-001	
3.39639789e+001	7.18266081e-001	
3.41190655e+001	6.92802741e-001	
3.42741522e+001	6.67339400e-001	
3.44292389e+001	6.40875823e-001	
3.45843255e+001	6.11747835e-001	
3.47394122e+001	5.93282220e-001	
3.48944989e+001	5.81384851e-001	
3.50495855e+001	5.72808810e-001	
3.52046722e+001	5.64232769e-001	
3.53597588e+001	5.55769838e-001	
3.55148455e+001	5.51370311e-001	
3.56699322e+001	5.46970785e-001	
3.58250188e+001	5.42571258e-001	
3.59801055e+001	5.47008001e-001	
3.61351921e+001	5.52381301e-001	
3.62902788e+001	5.57754601e-001	
3.64453655e+001	5.68187385e-001	
3.66004521e+001	5.80036832e-001	
3.67555388e+001	5.91886280e-001	
3.69106255e+001	6.08048018e-001	
3.70657121e+001	6.29368638e-001	
3.72207988e+001	6.54518367e-001	
3.73758854e+001	6.81245736e-001	
3.75309721e+001	7.09341957e-001	
3.76860588e+001	7.42996522e-001	
3.78411454e+001	7.72603301e-001	
3.79962321e+001	7.96233064e-001	
3.81513187e+001	8.19862828e-001	
3.83064054e+001	8.41770860e-001	
3.84614921e+001	8.59454907e-001	
3.86165787e+001	8.69280183e-001	
3.87716654e+001	8.74992249e-001	
3.89267521e+001	8.80805288e-001	
3.90818387e+001	8.83501680e-001	
3.92369254e+001	8.84182828e-001	
3.93920120e+001	8.85252821e-001	
3.95470987e+001	8.86322814e-001	
3.97021854e+001	8.87392807e-001	
3.98572720e+001	8.88190253e-001	
4.00123587e+001	8.88620691e-001	
4.01674453e+001	8.88438620e-001	
4.03225320e+001	8.88270928e-001	
4.04776187e+001	8.88106876e-001	
4.06327053e+001	8.87942823e-001	
4.07877920e+001	8.88023065e-001	
4.09428787e+001	8.87855514e-001	
4.10979653e+001	8.86522399e-001	
4.12530520e+001	8.85753673e-001	
4.14081386e+001	8.85442819e-001	
4.15632253e+001	8.78535221e-001	
4.17183120e+001	8.71930210e-001	
4.18733986e+001	8.65810630e-001	
4.20284853e+001	8.59691051e-001	
4.21835719e+001	8.46680522e-001	
4.23386586e+001	8.18059681e-001	
4.24937453e+001	7.88302459e-001	
4.26488319e+001	7.61311038e-001	
4.28039186e+001	7.35109871e-001	
4.29590053e+001	7.08908704e-001	
4.31140919e+001	6.82382533e-001	
4.32691786e+001	6.50802897e-001	
4.34242652e+001	6.25289833e-001	
4.35793519e+001	6.05868759e-001	
4.37344386e+001	5.93818316e-001	
4.38895252e+001	5.82259274e-001	
4.40446119e+001	5.70700232e-001	
4.41996985e+001	5.59479903e-001	
4.43547852e+001	5.50563128e-001	
4.45098719e+001	5.48215843e-001	
4.46649585e+001	5.46201576e-001	
4.48200452e+001	5.45155465e-001	
4.49751319e+001	5.51891463e-001	
4.51302185e+001	5.58569463e-001	
4.52853052e+001	5.65203500e-001	
4.54403918e+001	5.71837538e-001	
4.55954785e+001	5.82386897e-001	
4.57505652e+001	5.97802940e-001	
4.59056518e+001	6.18701223e-001	
4.60607385e+001	6.41237639e-001	
4.62158251e+001	6.65705842e-001	
4.63709118e+001	6.95133030e-001	
4.65259985e+001	7.22671187e-001	
4.66810851e+001	7.48970797e-001	
4.68361718e+001	7.79009060e-001	
4.69912585e+001	8.10123618e-001	
4.71463451e+001	8.28787713e-001	
4.73014318e+001	8.47264670e-001	
4.74565184e+001	8.65565799e-001	
4.76116051e+001	8.71014595e-001	
4.77666918e+001	8.75846091e-001	
4.79217784e+001	8.80677587e-001	
4.80768651e+001	8.83091736e-001	
4.82319517e+001	8.85015196e-001	
4.83870384e+001	8.86938656e-001	
4.85421251e+001	8.87836901e-001	
4.86972117e+001	8.88625207e-001	
4.88522984e+001	8.88578099e-001	
4.90073851e+001	8.88671506e-001	
4.91624717e+001	8.88861068e-001	
4.93175584e+001	8.88913378e-001	
4.94726450e+001	8.88695683e-001	
4.96277317e+001	8.88164191e-001	
4.97828184e+001	8.87632700e-001	
4.99379050e+001	8.86983679e-001	
5.00929917e+001	8.86106029e-001	
5.02480783e+001	8.84019097e-001	
5.04031650e+001	8.81571317e-001	
5.05582517e+001	8.75996879e-001	
5.07133383e+001	8.70422441e-001	
5.08684250e+001	8.64192116e-001	
5.10235117e+001	8.51621222e-001	
5.11785983e+001	8.34971050e-001	
5.13336850e+001	8.14736483e-001	
5.14887716e+001	7.87906858e-001	
5.16438583e+001	7.58902273e-001	
5.17989450e+001	7.27045784e-001	
5.19540316e+001	6.96568467e-001	
5.21091183e+001	6.67274805e-001	
5.22642049e+001	6.40313328e-001	
5.24192916e+001	6.23555846e-001	
5.25743783e+001	6.07789721e-001	
5.27294649e+001	5.92023597e-001	
5.28845516e+001	5.76821124e-001	
5.30396383e+001	5.62268590e-001	
5.31947249e+001	5.54267995e-001	
5.33498116e+001	5.48104158e-001	
5.35048982e+001	5.43936784e-001	
5.36599849e+001	5.45377337e-001	
5.38150716e+001	5.47316283e-001	
5.39701582e+001	5.49247181e-001	
5.41252449e+001	5.58344720e-001	
5.42803315e+001	5.67573074e-001	
5.44354182e+001	5.74817946e-001	
5.45905049e+001	5.88511380e-001	
5.47455915e+001	6.05931204e-001	
5.49006782e+001	6.28000275e-001	
5.50557649e+001	6.50069347e-001	
5.52108515e+001	6.72138418e-001	
5.53659382e+001	7.03853356e-001	
5.55210248e+001	7.33074060e-001	
5.56761115e+001	7.58769793e-001	
5.58311982e+001	7.89312979e-001	
5.59862848e+001	8.16751967e-001	
5.61413715e+001	8.35308781e-001	
5.62964581e+001	8.51214513e-001	
5.64515448e+001	8.66694722e-001	
5.66066315e+001	8.73690009e-001	
5.67617181e+001	8.77910064e-001	
5.69168048e+001	8.80477085e-001	
5.70718915e+001	8.83980277e-001	
5.72269781e+001	8.86459570e-001	
5.73820648e+001	8.87897795e-001	
5.75371514e+001	8.88478287e-001	
5.76922381e+001	8.88943849e-001	
5.78473248e+001	8.89317445e-001	
5.80024114e+001	8.89691040e-001	
5.81574981e+001	8.89796075e-001	
5.83125847e+001	8.89111744e-001	
5.84676714e+001	8.88427413e-001	
5.86227581e+001	8.87854753e-001	
5.87778447e+001	8.88049057e-001	
5.89329314e+001	8.87147829e-001	
5.90880181e+001	8.85416019e-001	
5.92431047e+001	8.86251660e-001	
5.93981914e+001	8.83069000e-001	
5.95532780e+001	8.74827913e-001	
5.97083647e+001	8.67963354e-001	
5.98634514e+001	8.59222133e-001	
6.00185380e+001	8.46094578e-001	
6.01736247e+001	8.27844985e-001	
6.03287113e+001	8.04818573e-001	
6.04837980e+001	7.78174399e-001	
6.06388847e+001	7.48884855e-001	
6.07939713e+001	7.18081504e-001	
6.09490580e+001	6.87327885e-001	
6.11041447e+001	6.60430345e-001	
6.12592313e+001	6.37200858e-001	
6.14143180e+001	6.12932901e-001	
6.15694046e+001	5.93869799e-001	
6.17244913e+001	5.83045685e-001	
6.18795780e+001	5.72221572e-001	
6.20346646e+001	5.63628701e-001	
6.21897513e+001	5.57723456e-001	
6.23448379e+001	5.51818211e-001	
6.24999246e+001	5.46438236e-001	
6.26550113e+001	5.44186829e-001	
6.28100979e+001	5.46005461e-001	
6.29651846e+001	5.50811241e-001	
6.31202713e+001	5.58788171e-001	
6.32753579e+001	5.68052477e-001	
6.34304446e+001	5.78831859e-001	
6.35855312e+001	5.93136441e-001	
6.37406179e+001	6.11546915e-001	
6.38957046e+001	6.37264507e-001	
6.40507912e+001	6.58584231e-001	
6.42058779e+001	6.81453048e-001	
6.43609645e+001	7.04321865e-001	
6.45160512e+001	7.38214410e-001	
6.46711379e+001	7.76759076e-001	
6.48262245e+001	8.02965950e-001	
6.49813112e+001	8.24818170e-001	
6.51363979e+001	8.42795686e-001	
6.52914845e+001	8.58905503e-001	
6.54465712e+001	8.70110326e-001	
6.56016578e+001	8.74237401e-001	
6.57567445e+001	8.78364477e-001	
6.59118312e+001	8.81816195e-001	
6.60669178e+001	8.85918355e-001	
6.62220045e+001	8.87434425e-001	
6.63770911e+001	8.87953141e-001	
6.65321778e+001	8.88466668e-001	
6.66872645e+001	8.88980195e-001	
6.68423511e+001	8.89441556e-001	
6.69974378e+001	8.88564175e-001	
6.71525245e+001	8.88273064e-001	
6.73076111e+001	8.88627235e-001	
6.74626978e+001	8.88412799e-001	
6.76177844e+001	8.88095528e-001	
6.77728711e+001	8.87687165e-001	
6.79279578e+001	8.87434960e-001	
6.80830444e+001	8.86259243e-001	
6.82381311e+001	8.83122709e-001	
6.83932177e+001	8.79891505e-001	
6.85483044e+001	8.75790300e-001	
6.87033911e+001	8.64840546e-001	
6.88584777e+001	8.50878840e-001	
6.90135644e+001	8.34410975e-001	
6.91686511e+001	8.17943110e-001	
6.93237377e+001	7.97496241e-001	
6.94788244e+001	7.71619997e-001	
6.96339110e+001	7.36408572e-001	
6.97889977e+001	7.04830008e-001	
6.99440844e+001	6.76947066e-001	
7.00991710e+001	6.49238697e-001	
7.02542577e+001	6.23967305e-001	
7.04093443e+001	6.09733258e-001	
7.05644310e+001	5.95499211e-001	
7.07195177e+001	5.81242545e-001	
7.08746043e+001	5.66591000e-001	
7.10296910e+001	5.55950176e-001	
7.11847777e+001	5.49438736e-001	
7.13398643e+001	5.48665063e-001	
7.14949510e+001	5.48315003e-001	
7.16500376e+001	5.47964942e-001	
7.18051243e+001	5.49414357e-001	
7.19602110e+001	5.53121596e-001	
7.21152976e+001	5.61434543e-001	
7.22703843e+001	5.73789486e-001	
7.24254709e+001	5.87533316e-001	
7.25805576e+001	5.97982072e-001	
7.27356443e+001	6.16482025e-001	
7.28907309e+001	6.41249895e-001	
7.30458176e+001	6.71654239e-001	
7.32009043e+001	7.00028457e-001	
7.33559909e+001	7.25814352e-001	
7.35110776e+001	7.51600248e-001	
7.36661642e+001	7.77024895e-001	
7.38212509e+001	8.09293930e-001	
7.39763376e+001	8.30615630e-001	
7.41314242e+001	8.47535011e-001	
7.42865109e+001	8.60901449e-001	
7.44415975e+001	8.70879487e-001	
7.45966842e+001	8.78487545e-001	
7.47517709e+001	8.80855500e-001	
7.49068575e+001	8.83223456e-001	
7.50619442e+001	8.85591411e-001	
7.52170309e+001	8.87403823e-001	
7.53721175e+001	8.88496297e-001	
7.55272042e+001	8.88494264e-001	
7.56822908e+001	8.88331475e-001	
7.58373775e+001	8.88326196e-001	
7.59924642e+001	8.88320918e-001	
7.61475508e+001	8.88235667e-001	
7.63026375e+001	8.88116479e-001	
7.64577241e+001	8.87997290e-001	
7.66128108e+001	8.87718956e-001	
7.67678975e+001	8.87300835e-001	
7.69229841e+001	8.85543533e-001	
7.70780708e+001	8.83569005e-001	
7.72331575e+001	8.81335546e-001	
7.73882441e+001	8.79102088e-001	
7.75433308e+001	8.74971728e-001	
7.76984174e+001	8.64141427e-001	
7.78535041e+001	8.51054901e-001	
7.80085908e+001	8.34840600e-001	
7.81636774e+001	8.09391660e-001	
7.83187641e+001	7.83293823e-001	
7.84738507e+001	7.56565599e-001	
7.86289374e+001	7.26924144e-001	
7.87840241e+001	6.95650046e-001	
7.89391107e+001	6.62905043e-001	
7.90941974e+001	6.42764396e-001	
7.92492841e+001	6.23086588e-001	
7.94043707e+001	6.03408780e-001	
7.95594574e+001	5.91307309e-001	
7.97145440e+001	5.78671823e-001	
7.98696307e+001	5.66036336e-001	
8.00247174e+001	5.55633769e-001	
8.01798040e+001	5.47216918e-001	
8.03348907e+001	5.44757901e-001	
8.04899773e+001	5.44508644e-001	
8.06450640e+001	5.45876091e-001	
8.08001507e+001	5.50552243e-001	
8.09552373e+001	5.56610911e-001	
8.11103240e+001	5.64210443e-001	
8.12654107e+001	5.79262189e-001	
8.14204973e+001	5.91638314e-001	
8.15755840e+001	6.01759820e-001	
8.17306706e+001	6.23729197e-001	
8.18857573e+001	6.49005776e-001	
8.20408440e+001	6.74725061e-001	
8.21959306e+001	7.03950771e-001	
8.23510173e+001	7.34360997e-001	
8.25061039e+001	7.59809782e-001	
8.26611906e+001	7.87631601e-001	
8.28162773e+001	8.17452965e-001	
8.29713639e+001	8.38186139e-001	
8.31264506e+001	8.54996922e-001	
8.32815373e+001	8.66626560e-001	
8.34366239e+001	8.72711866e-001	
8.35917106e+001	8.78588079e-001	
8.37467972e+001	8.82752680e-001	
8.39018839e+001	8.85437172e-001	
8.40569706e+001	8.87035928e-001	
8.42120572e+001	8.86007515e-001	
8.43671439e+001	8.86723272e-001	
8.45222305e+001	8.88456672e-001	
8.46773172e+001	8.88594959e-001	
8.48324039e+001	8.88484070e-001	
8.49874905e+001	8.88113402e-001	
8.51425772e+001	8.87742734e-001	
8.52976639e+001	8.87481518e-001	
8.54527505e+001	8.87148341e-001	
8.56078372e+001	8.86815165e-001	
8.57629238e+001	8.86400694e-001	
8.59180105e+001	8.85733969e-001	
8.60730972e+001	8.83536931e-001	
8.62281838e+001	8.80596761e-001	
8.63832705e+001	8.77434451e-001	
8.65383571e+001	8.70271703e-001	
8.66934438e+001	8.59957735e-001	
8.68485305e+001	8.44550363e-001	
8.70036171e+001	8.25951337e-001	
8.71587038e+001	8.03245106e-001	
8.73137905e+001	7.78149089e-001	
8.74688771e+001	7.48027029e-001	
8.76239638e+001	7.13494338e-001	
8.77790504e+001	6.84236116e-001	
8.79341371e+001	6.58190241e-001	
8.80892238e+001	6.38401360e-001	
8.82443104e+001	6.15802817e-001	
8.83993971e+001	5.92394445e-001	
8.85544838e+001	5.80638074e-001	
8.87095704e+001	5.69663391e-001	
8.88646571e+001	5.59451072e-001	
8.90197437e+001	5.52756822e-001	
8.91748304e+001	5.49362138e-001	
8.93299171e+001	5.49801937e-001	
8.94850037e+001	5.50241735e-001	
8.96400904e+001	5.51392941e-001	
8.97951770e+001	5.54564579e-001	
8.99502637e+001	5.61933273e-001	
9.01053504e+001	5.71747343e-001	
9.02604370e+001	5.85561761e-001	
9.04155237e+001	5.99674340e-001	
9.05706104e+001	6.14111581e-001	
9.07256970e+001	6.35657081e-001	
9.08807837e+001	6.60040307e-001	
9.10358703e+001	6.87848331e-001	
9.11909570e+001	7.16412516e-001	
9.13460437e+001	7.47454712e-001	
9.15011303e+001	7.77850356e-001	
9.16562170e+001	8.05860552e-001	
9.18113036e+001	8.31488646e-001	
9.19663903e+001	8.50751464e-001	
9.21214770e+001	8.62341532e-001	
9.22765636e+001	8.69723956e-001	
9.24316503e+001	8.77106380e-001	
9.25867370e+001	8.84214407e-001	
9.27418236e+001	8.91072194e-001	
9.28969103e+001	8.92349058e-001	
9.30519969e+001	8.92831226e-001	
9.32070836e+001	8.93484047e-001	
9.33621703e+001	8.94136869e-001	
9.35172569e+001	8.94579184e-001	
9.36723436e+001	8.94472338e-001	
9.38274302e+001	8.94365492e-001	
9.39825169e+001	8.94345987e-001	
9.41376036e+001	8.94805680e-001	
9.42926902e+001	8.94773932e-001	
9.44477769e+001	8.94373998e-001	
9.46028636e+001	8.93028908e-001	
9.47579502e+001	8.91966584e-001	
9.49130369e+001	8.91223393e-001	
9.50681235e+001	8.89302344e-001	
9.52232102e+001	8.86487589e-001	
9.53782969e+001	8.82576513e-001	
9.55333835e+001	8.76081378e-001	
9.56884702e+001	8.66927537e-001	
9.58435568e+001	8.51007374e-001	
9.59986435e+001	8.30944609e-001	
9.61537302e+001	8.07784555e-001	
9.63088168e+001	7.75843934e-001	
9.64639035e+001	7.41849185e-001	
9.66189902e+001	7.06101916e-001	
9.67740768e+001	6.63692821e-001	
9.69291635e+001	6.15688122e-001	
9.70842501e+001	5.63113476e-001	
9.72393368e+001	5.19887783e-001	
9.73944235e+001	4.81205889e-001	
9.75495101e+001	4.49642787e-001	
9.77045968e+001	4.18079685e-001	
9.78596834e+001	3.87042099e-001	
9.80147701e+001	3.58555144e-001	
9.81698568e+001	3.33440836e-001	
9.83249434e+001	3.10919209e-001	
9.84800301e+001	2.96956273e-001	
9.86351168e+001	2.83332606e-001	
9.87902034e+001	2.70067051e-001	
9.89452901e+001	2.60350121e-001	
9.91003767e+001	2.54201147e-001	
9.92554634e+001	2.48052172e-001	
9.94105501e+001	2.43047609e-001	
9.95656367e+001	2.39405488e-001	
9.97207234e+001	2.39171845e-001	
9.98758100e+001	2.41057378e-001	
1.00030897e+002	2.43866312e-001	
1.00185983e+002	2.46092892e-001	
1.00341070e+002	2.49021066e-001	
1.00496157e+002	2.52508896e-001	
1.00651243e+002	2.52088325e-001	
1.00806330e+002	2.48965763e-001	
1.00961417e+002	2.47688740e-001	
1.01116503e+002	2.43677404e-001	
1.01271590e+002	2.38823555e-001	
1.01426677e+002	2.32990830e-001	
1.01581763e+002	2.23873110e-001	
1.01736850e+002	2.14547239e-001	
1.01891937e+002	2.09090749e-001	
1.02047023e+002	2.03634259e-001	
1.02202110e+002	1.98049180e-001	
1.02357197e+002	1.90601849e-001	
1.02512283e+002	1.83956744e-001	
1.02667370e+002	1.78103907e-001	
1.02822457e+002	1.72715142e-001	
1.02977543e+002	1.67498665e-001	
1.03132630e+002	1.61262491e-001	
1.03287717e+002	1.57057529e-001	
1.03442803e+002	1.53302219e-001	
1.03597890e+002	1.49546909e-001	
1.03752977e+002	1.45356485e-001	
1.03908063e+002	1.41001996e-001	
1.04063150e+002	1.36815792e-001	
1.04218237e+002	1.33078766e-001	
1.04373323e+002	1.29666938e-001	
1.04528410e+002	1.25423624e-001	
1.04683497e+002	1.20840504e-001	
1.04838583e+002	1.16273771e-001	
1.04993670e+002	1.11391452e-001	
1.05148757e+002	1.06041878e-001	
1.05303843e+002	9.98124943e-002	
1.05458930e+002	9.38366850e-002	
1.05614017e+002	8.82568722e-002	
1.05769103e+002	8.39181318e-002	
1.05924190e+002	7.95793913e-002	
1.06079277e+002	7.52323854e-002	
1.06234363e+002	7.07918730e-002	
1.06389450e+002	6.71566639e-002	
1.06544536e+002	6.42654278e-002	
1.06699623e+002	6.16344427e-002	
1.06854710e+002	5.94266464e-002	
1.07009796e+002	5.75968162e-002	
1.07164883e+002	5.55615202e-002	
1.07319970e+002	5.35525548e-002	
1.07475056e+002	5.17206444e-002	
1.07630143e+002	5.06810402e-002	
1.07785230e+002	4.99611386e-002	
1.07940316e+002	4.92412371e-002	
1.08095403e+002	4.85257713e-002	
1.08250490e+002	4.78322476e-002	
1.08405576e+002	4.77902856e-002	
1.08560663e+002	4.74301129e-002	
1.08715750e+002	4.76580690e-002	
1.08870836e+002	4.78860251e-002	
1.09025923e+002	4.83524166e-002	
1.09181010e+002	4.92739871e-002	
1.09336096e+002	4.96096485e-002	
1.09491183e+002	4.98340601e-002	
1.09646270e+002	5.02413063e-002	
1.09801356e+002	4.99180528e-002	
1.09956443e+002	4.91925148e-002	
1.10111530e+002	4.82374980e-002	
1.10266616e+002	4.68840911e-002	
1.10421703e+002	4.51864499e-002	
1.10576790e+002	4.36851288e-002	
1.10731876e+002	4.24584159e-002	
1.10886963e+002	4.12317030e-002	
1.11042050e+002	3.95393447e-002	
1.11197136e+002	3.78177250e-002	
1.11352223e+002	3.62219837e-002	
1.11507310e+002	3.49349967e-002	
1.11662396e+002	3.37626921e-002	
1.11817483e+002	3.25903875e-002	
1.11972570e+002	3.10494570e-002	
1.12127656e+002	2.92936256e-002	
1.12282743e+002	2.80605879e-002	
1.12437830e+002	2.67401064e-002	
1.12592916e+002	2.56302676e-002	
1.12748003e+002	2.45204289e-002	
1.12903090e+002	2.33503593e-002	
1.13058176e+002	2.20734072e-002	
1.13213263e+002	2.07482022e-002	
1.13368350e+002	1.94858897e-002	
1.13523436e+002	1.84644761e-002	
1.13678523e+002	1.73600591e-002	
1.13833610e+002	1.61819416e-002	
1.13988696e+002	1.47416933e-002	
1.14143783e+002	1.34131402e-002	
1.14298870e+002	1.21748308e-002	
1.14453956e+002	1.10012585e-002	
1.14609043e+002	9.76627098e-003	
1.14764130e+002	8.29177682e-003	
1.14919216e+002	7.39443717e-003	
1.15074303e+002	6.58429582e-003	
1.15229390e+002	5.77415446e-003	
1.15384476e+002	4.77849451e-003	
1.15539563e+002	3.75778445e-003	
1.15694650e+002	2.90594306e-003	
1.15849736e+002	2.08503996e-003	
1.16004823e+002	1.27769817e-003	
1.16159910e+002	3.91447310e-004	
1.16314996e+002	-5.60504682e-004	
1.16470083e+002	-1.29560060e-003	
1.16625169e+002	-2.03069652e-003	
1.16780256e+002	-2.86462932e-003	
1.16935343e+002	-3.86183613e-003	
1.17090429e+002	-4.78248592e-003	
1.17245516e+002	-5.68412222e-003	
1.17400603e+002	-6.58074499e-003	
1.17555689e+002	-7.47736777e-003	
1.17710776e+002	-8.41022377e-003	
1.17865863e+002	-9.58290440e-003	
1.18020949e+002	-1.08724221e-002	
1.18176036e+002	-1.23632761e-002	
1.18331123e+002	-1.34675070e-002	
1.18486209e+002	-1.45717379e-002	
1.18641296e+002	-1.56759688e-002	
1.18796383e+002	-1.69851083e-002	
1.18951469e+002	-1.83786024e-002	
1.19106556e+002	-1.98927965e-002	
1.19261643e+002	-2.10076063e-002	
1.19416729e+002	-2.19980175e-002	
1.19571816e+002	-2.29884287e-002	
1.19726903e+002	-2.43113614e-002	
1.19881989e+002	-2.57879811e-002	
1.20037076e+002	-2.68669862e-002	
1.20192163e+002	-2.82076914e-002	
1.20347249e+002	-2.95034838e-002	
1.20502336e+002	-3.08466949e-002	
1.20657423e+002	-3.21828897e-002	
1.20812509e+002	-3.35048590e-002	
1.20967596e+002	-3.50882236e-002	
1.21122683e+002	-3.66219606e-002	
1.21277769e+002	-3.78802595e-002	
1.21432856e+002	-3.91385583e-002	
1.21587943e+002	-4.04528544e-002	
1.21743029e+002	-4.20897225e-002	
1.21898116e+002	-4.37840508e-002	
1.22053203e+002	-4.57659293e-002	
1.22208289e+002	-4.68610714e-002	
1.22363376e+002	-4.79562136e-002	
1.22518463e+002	-4.90513557e-002	
1.22673549e+002	-4.97093527e-002	
1.22828636e+002	-5.00328805e-002	
1.22983723e+002	-4.98008126e-002	
1.23138809e+002	-4.93422083e-002	
1.23293896e+002	-4.88194111e-002	
1.23448983e+002	-4.82966138e-002	
1.23604069e+002	-4.77293324e-002	
1.23759156e+002	-4.71847542e-002	
1.23914243e+002	-4.70794372e-002	
1.24069329e+002	-4.76219267e-002	
1.24224416e+002	-4.79056292e-002	
1.24379503e+002	-4.81893317e-002	
1.24534589e+002	-4.87165109e-002	
1.24689676e+002	-4.95934552e-002	
1.24844763e+002	-5.08370502e-002	
1.24999849e+002	-5.22131722e-002	
1.25154936e+002	-5.37560779e-002	
1.25310023e+002	-5.52989836e-002	
1.25465109e+002	-5.69927806e-002	
1.25620196e+002	-5.94525095e-002	
1.25775283e+002	-6.19122383e-002	
1.25930369e+002	-6.45425685e-002	
1.26085456e+002	-6.77213816e-002	
1.26240543e+002	-7.09001947e-002	
1.26395629e+002	-7.40790078e-002	
1.26550716e+002	-7.81601053e-002	
1.26705802e+002	-8.32720609e-002	
1.26860889e+002	-9.00948066e-002	
1.27015976e+002	-9.53985491e-002	
1.27171062e+002	-1.00312582e-001	
1.27326149e+002	-1.05226616e-001	
1.27481236e+002	-1.11058179e-001	
1.27636322e+002	-1.16983486e-001	
1.27791409e+002	-1.20100925e-001	
1.27946496e+002	-1.24492219e-001	
1.28101582e+002	-1.29565452e-001	
1.28256669e+002	-1.33227341e-001	
1.28411756e+002	-1.36677655e-001	
1.28566842e+002	-1.39866100e-001	
1.28721929e+002	-1.45095530e-001	
1.28877016e+002	-1.50119958e-001	
1.29032102e+002	-1.53950599e-001	
1.29187189e+002	-1.57781240e-001	
1.29342276e+002	-1.61837048e-001	
1.29497362e+002	-1.66909974e-001	
1.29652449e+002	-1.72697854e-001	
1.29807536e+002	-1.79572097e-001	
1.29962622e+002	-1.84648924e-001	
1.30117709e+002	-1.90716465e-001	
1.30272796e+002	-1.97787163e-001	
1.30427882e+002	-2.03897327e-001	
1.30582969e+002	-2.10711134e-001	
1.30738056e+002	-2.18814004e-001	
1.30893142e+002	-2.25319413e-001	
1.31048229e+002	-2.31456147e-001	
1.31203316e+002	-2.37592882e-001	
1.31358402e+002	-2.42648806e-001	
1.31513489e+002	-2.46627068e-001	
1.31668576e+002	-2.46582951e-001	
1.31823662e+002	-2.49972537e-001	
1.31978749e+002	-2.51915273e-001	
1.32133836e+002	-2.48753507e-001	
1.32288922e+002	-2.45473699e-001	
1.32444009e+002	-2.42045999e-001	
1.32599096e+002	-2.39967412e-001	
1.32754182e+002	-2.38883336e-001	
1.32909269e+002	-2.39523430e-001	
1.33064356e+002	-2.42030199e-001	
1.33219442e+002	-2.45777815e-001	
1.33374529e+002	-2.52156983e-001	
1.33529616e+002	-2.60646534e-001	
1.33684702e+002	-2.73374958e-001	
1.33839789e+002	-2.82761141e-001	
1.33994876e+002	-2.96644753e-001	
1.34149962e+002	-3.14788619e-001	
1.34305049e+002	-3.34223871e-001	
1.34460136e+002	-3.56143161e-001	
1.34615222e+002	-3.81836164e-001	
1.34770309e+002	-4.13289409e-001	
1.34925396e+002	-4.47255688e-001	
1.35080482e+002	-4.84849556e-001	
1.35235569e+002	-5.24472599e-001	
1.35390656e+002	-5.65609820e-001	
1.35545742e+002	-6.10705554e-001	
1.35700829e+002	-6.56933193e-001	
1.35855916e+002	-7.01889056e-001	
1.36011002e+002	-7.39331214e-001	
1.36166089e+002	-7.76092405e-001	
1.36321176e+002	-8.12055279e-001	
1.36476262e+002	-8.33475295e-001	
1.36631349e+002	-8.51237347e-001	
1.36786435e+002	-8.65027613e-001	
1.36941522e+002	-8.75186218e-001	
1.37096609e+002	-8.83160444e-001	
1.37251695e+002	-8.86975438e-001	
1.37406782e+002	-8.89679683e-001	
1.37561869e+002	-8.91552151e-001	
1.37716955e+002	-8.92929705e-001	
1.37872042e+002	-8.93886626e-001	
1.38027129e+002	-8.94470849e-001	
1.38182215e+002	-8.94575115e-001	
1.38337302e+002	-8.94663901e-001	
1.38492389e+002	-8.94752688e-001	
1.38647475e+002	-8.94638919e-001	
1.38802562e+002	-8.94488228e-001	
1.38957649e+002	-8.94337537e-001	
1.39112735e+002	-8.94002616e-001	
1.39267822e+002	-8.93550393e-001	
1.39422909e+002	-8.92855727e-001	
1.39577995e+002	-8.91186083e-001	
1.39733082e+002	-8.88191929e-001	
1.39888169e+002	-8.86544555e-001	
1.40043255e+002	-8.81409377e-001	
1.40198342e+002	-8.72451188e-001	
1.40353429e+002	-8.63492999e-001	
1.40508515e+002	-8.50827602e-001	
1.40663602e+002	-8.31402018e-001	
1.40818689e+002	-8.04882012e-001	
1.40973775e+002	-7.76007008e-001	
1.41128862e+002	-7.45470881e-001	
1.41283949e+002	-7.12496691e-001	
1.41439035e+002	-6.82307036e-001	
1.41594122e+002	-6.62061060e-001	
1.41749209e+002	-6.41815084e-001	
1.41904295e+002	-6.21569107e-001	
1.42059382e+002	-5.99607032e-001	
1.42214469e+002	-5.81702780e-001	
1.42369555e+002	-5.69346488e-001	
1.42524642e+002	-5.62603121e-001	
1.42679729e+002	-5.56754577e-001	
1.42834815e+002	-5.50906034e-001	
1.42989902e+002	-5.48194693e-001	
1.43144989e+002	-5.47180305e-001	
1.43300075e+002	-5.48898739e-001	
1.43455162e+002	-5.54705628e-001	
1.43610249e+002	-5.63718753e-001	
1.43765335e+002	-5.70670311e-001	
1.43920422e+002	-5.82049426e-001	
1.44075509e+002	-5.97968175e-001	
1.44230595e+002	-6.15694543e-001	
1.44385682e+002	-6.34224897e-001	
1.44540769e+002	-6.53896535e-001	
1.44695855e+002	-6.88588300e-001	
1.44850942e+002	-7.23539916e-001	
1.45006029e+002	-7.48547634e-001	
1.45161115e+002	-7.73555352e-001	
1.45316202e+002	-7.97211825e-001	
1.45471289e+002	-8.27847756e-001	
1.45626375e+002	-8.46017037e-001	
1.45781462e+002	-8.54537391e-001	
1.45936549e+002	-8.66100756e-001	
1.46091635e+002	-8.75412118e-001	
1.46246722e+002	-8.81864576e-001	
1.46401809e+002	-8.84103835e-001	
1.46556895e+002	-8.85764068e-001	
1.46711982e+002	-8.87424300e-001	
1.46867068e+002	-8.87870146e-001	
1.47022155e+002	-8.87924630e-001	
1.47177242e+002	-8.87979113e-001	
1.47332328e+002	-8.88265751e-001	
1.47487415e+002	-8.88780230e-001	
1.47642502e+002	-8.88481093e-001	
1.47797588e+002	-8.88248848e-001	
1.47952675e+002	-8.88080746e-001	
1.48107762e+002	-8.87912644e-001	
1.48262848e+002	-8.87486453e-001	
1.48417935e+002	-8.86652308e-001	
1.48573022e+002	-8.84429697e-001	
1.48728108e+002	-8.81735358e-001	
1.48883195e+002	-8.78542586e-001	
1.49038282e+002	-8.73650052e-001	
1.49193368e+002	-8.67871649e-001	
1.49348455e+002	-8.52036851e-001	
1.49503542e+002	-8.33567468e-001	
1.49658628e+002	-8.13115801e-001	
1.49813715e+002	-7.88684452e-001	
1.49968802e+002	-7.64253102e-001	
1.50123888e+002	-7.39821753e-001	
1.50278975e+002	-7.04817406e-001	
1.50434062e+002	-6.72582858e-001	
1.50589148e+002	-6.48308909e-001	
1.50744235e+002	-6.25288606e-001	
1.50899322e+002	-6.04429546e-001	
1.51054408e+002	-5.90256155e-001	
1.51209495e+002	-5.76813518e-001	
1.51364582e+002	-5.62292946e-001	
1.51519668e+002	-5.55822380e-001	
1.51674755e+002	-5.50529461e-001	
1.51829842e+002	-5.46293179e-001	
1.51984928e+002	-5.48032682e-001	
1.52140015e+002	-5.47536217e-001	
1.52295102e+002	-5.43429817e-001	
1.52450188e+002	-5.54077908e-001	
1.52605275e+002	-5.65514903e-001	
1.52760362e+002	-5.71930189e-001	
1.52915448e+002	-5.85329009e-001	
1.53070535e+002	-5.99894713e-001	
1.53225622e+002	-6.16872909e-001	
1.53380708e+002	-6.43639744e-001	
1.53535795e+002	-6.76703380e-001	
1.53690882e+002	-7.01204528e-001	
1.53845968e+002	-7.25705676e-001	
1.54001055e+002	-7.50206824e-001	
1.54156142e+002	-7.85326888e-001	
1.54311228e+002	-8.13774065e-001	
1.54466315e+002	-8.28002943e-001	
1.54621402e+002	-8.47078441e-001	
1.54776488e+002	-8.64680872e-001	
1.54931575e+002	-8.72929223e-001	
1.55086662e+002	-8.77675524e-001	
1.55241748e+002	-8.81985075e-001	
1.55396835e+002	-8.84669999e-001	
1.55551922e+002	-8.86262849e-001	
1.55707008e+002	-8.86939400e-001	
1.55862095e+002	-8.87615951e-001	
1.56017182e+002	-8.88383137e-001	
1.56172268e+002	-8.89275088e-001	
1.56327355e+002	-8.88848767e-001	
1.56482442e+002	-8.88394735e-001	
1.56637528e+002	-8.88383731e-001	
1.56792615e+002	-8.88217309e-001	
1.56947701e+002	-8.88161207e-001	
1.57102788e+002	-8.87848692e-001	
1.57257875e+002	-8.87536177e-001	
1.57412961e+002	-8.87132529e-001	
1.57568048e+002	-8.85070141e-001	
1.57723135e+002	-8.81537810e-001	
1.57878221e+002	-8.76479277e-001	
1.58033308e+002	-8.70185506e-001	
1.58188395e+002	-8.63797555e-001	
1.58343481e+002	-8.57409604e-001	
1.58498568e+002	-8.34178305e-001	
1.58653655e+002	-8.06767366e-001	
1.58808741e+002	-7.78949388e-001	
1.58963828e+002	-7.52252723e-001	
1.59118915e+002	-7.22654584e-001	
1.59274001e+002	-6.93494361e-001	
1.59429088e+002	-6.65464031e-001	
1.59584175e+002	-6.38320115e-001	
1.59739261e+002	-6.17022532e-001	
1.59894348e+002	-5.99427523e-001	
1.60049435e+002	-5.86585226e-001	
1.60204521e+002	-5.73742928e-001	
1.60359608e+002	-5.63111203e-001	
1.60514695e+002	-5.57295892e-001	
1.60669781e+002	-5.51480581e-001	
1.60824868e+002	-5.46777088e-001	
1.60979955e+002	-5.45519411e-001	
1.61135041e+002	-5.48812864e-001	
1.61290128e+002	-5.54840599e-001	
1.61445215e+002	-5.61732395e-001	
1.61600301e+002	-5.68624191e-001	
1.61755388e+002	-5.75515987e-001	
1.61910475e+002	-5.90610256e-001	
1.62065561e+002	-6.08058295e-001	
1.62220648e+002	-6.28523898e-001	
1.62375735e+002	-6.54583581e-001	
1.62530821e+002	-6.81717909e-001	
1.62685908e+002	-7.08487281e-001	
1.62840995e+002	-7.33622783e-001	
1.62996081e+002	-7.62638127e-001	
1.63151168e+002	-7.98177945e-001	
1.63306255e+002	-8.21293811e-001	
1.63461341e+002	-8.35304617e-001	
1.63616428e+002	-8.49315424e-001	
1.63771515e+002	-8.63019444e-001	
1.63926601e+002	-8.76354901e-001	
1.64081688e+002	-8.81150268e-001	
1.64236775e+002	-8.83998445e-001	
1.64391861e+002	-8.84987704e-001	
1.64546948e+002	-8.85976964e-001	
1.64702035e+002	-8.86883131e-001	
1.64857121e+002	-8.88904849e-001	
1.65012208e+002	-8.89234883e-001	
1.65167295e+002	-8.88705467e-001	
1.65322381e+002	-8.88861442e-001	
1.65477468e+002	-8.89017417e-001	
1.65632555e+002	-8.89173393e-001	
1.65787641e+002	-8.88748180e-001	
1.65942728e+002	-8.88300318e-001	
1.66097815e+002	-8.87852455e-001	
1.66252901e+002	-8.86994719e-001	
1.66407988e+002	-8.85559323e-001	
1.66563075e+002	-8.82827883e-001	
1.66718161e+002	-8.78779552e-001	
1.66873248e+002	-8.73257244e-001	
1.67028334e+002	-8.67734935e-001	
1.67183421e+002	-8.58005942e-001	
1.67338508e+002	-8.45151949e-001	
1.67493594e+002	-8.24904351e-001	
1.67648681e+002	-8.01463536e-001	
1.67803768e+002	-7.74433999e-001	
1.67958854e+002	-7.43012821e-001	
1.68113941e+002	-7.11720489e-001	
1.68269028e+002	-6.81489879e-001	
1.68424114e+002	-6.53840980e-001	
1.68579201e+002	-6.31500398e-001	
1.68734288e+002	-6.15747051e-001	
1.68889374e+002	-5.99993704e-001	
1.69044461e+002	-5.84341523e-001	
1.69199548e+002	-5.69579011e-001	
1.69354634e+002	-5.58768452e-001	
1.69509721e+002	-5.51315916e-001	
1.69664808e+002	-5.48142363e-001	
1.69819894e+002	-5.46500578e-001	
1.69974981e+002	-5.46867194e-001	
1.70130068e+002	-5.49351553e-001	
1.70285154e+002	-5.53657271e-001	
1.70440241e+002	-5.61469511e-001	
1.70595328e+002	-5.69406968e-001	
1.70750414e+002	-5.80114825e-001	
1.70905501e+002	-5.97704143e-001	
1.71060588e+002	-6.15659704e-001	
1.71215674e+002	-6.34361817e-001	
1.71370761e+002	-6.63025687e-001	
1.71525848e+002	-6.91224869e-001	
1.71680934e+002	-7.18935408e-001	
1.71836021e+002	-7.46645946e-001	
1.71991108e+002	-7.75078206e-001	
1.72146194e+002	-8.04767797e-001	
1.72301281e+002	-8.28998560e-001	
1.72456368e+002	-8.47282094e-001	
1.72611454e+002	-8.58219185e-001	
1.72766541e+002	-8.67858492e-001	
1.72921628e+002	-8.76267844e-001	
1.73076714e+002	-8.80077685e-001	
1.73231801e+002	-8.83887526e-001	
1.73386888e+002	-8.87697367e-001	
1.73541974e+002	-8.88078143e-001	
1.73697061e+002	-8.88444624e-001	
1.73852148e+002	-8.88811104e-001	
1.74007234e+002	-8.88815087e-001	
1.74162321e+002	-8.89065698e-001	
1.74317408e+002	-8.89978174e-001	
1.74472494e+002	-8.89862711e-001	
1.74627581e+002	-8.89357671e-001	
1.74782668e+002	-8.88717878e-001	
1.74937754e+002	-8.88432386e-001	
1.75092841e+002	-8.88245924e-001	
1.75247928e+002	-8.86469596e-001	
1.75403014e+002	-8.84158984e-001	
1.75558101e+002	-8.81322852e-001	
1.75713188e+002	-8.78486721e-001	
1.75868274e+002	-8.73517550e-001	
1.76023361e+002	-8.65086449e-001	
1.76178448e+002	-8.50266668e-001	
1.76333534e+002	-8.35762910e-001	
1.76488621e+002	-8.19345762e-001	
1.76643708e+002	-7.91802178e-001	
1.76798794e+002	-7.60112005e-001	
1.76953881e+002	-7.32847429e-001	
1.77108968e+002	-7.01412316e-001	
1.77264054e+002	-6.67066450e-001	
1.77419141e+002	-6.47329439e-001	
1.77574227e+002	-6.27592428e-001	
1.77729314e+002	-6.07855417e-001	
1.77884401e+002	-5.90987382e-001	
1.78039487e+002	-5.76073245e-001	
1.78194574e+002	-5.64430809e-001	
1.78349661e+002	-5.57442336e-001	
1.78504747e+002	-5.51209083e-001	
1.78659834e+002	-5.47418169e-001	
1.78814921e+002	-5.47068882e-001	
1.78970007e+002	-5.48624202e-001	
1.79125094e+002	-5.50179521e-001	
1.79280181e+002	-5.55149820e-001	
1.79435267e+002	-5.63261901e-001	
1.79590354e+002	-5.76802274e-001	
1.79745441e+002	-5.89313698e-001	
1.79900527e+002	-5.99920452e-001	
1.80055614e+002	-6.22920816e-001	
1.80210701e+002	-6.45062649e-001	
1.80365787e+002	-6.66209183e-001	
1.80520874e+002	-6.95028111e-001	
1.80675961e+002	-7.27016103e-001	
1.80831047e+002	-7.59499466e-001	
1.80986134e+002	-7.88786384e-001	
1.81141221e+002	-8.15676850e-001	
1.81296307e+002	-8.36551336e-001	
1.81451394e+002	-8.53259712e-001	
1.81606481e+002	-8.65226764e-001	
1.81761567e+002	-8.70994402e-001	
1.81916654e+002	-8.76120733e-001	
1.82071741e+002	-8.81247065e-001	
1.82226827e+002	-8.84030853e-001	
1.82381914e+002	-8.86527029e-001	
1.82537001e+002	-8.87248494e-001	
1.82692087e+002	-8.87648603e-001	
1.82847174e+002	-8.87883498e-001	
1.83002261e+002	-8.88118392e-001	
1.83157347e+002	-8.88548139e-001	
1.83312434e+002	-8.89145565e-001	
1.83467521e+002	-8.88992426e-001	
1.83622607e+002	-8.88739954e-001	
1.83777694e+002	-8.88373215e-001	
1.83932781e+002	-8.88006477e-001	
1.84087867e+002	-8.87871912e-001	
1.84242954e+002	-8.87280828e-001	
1.84398041e+002	-8.84477736e-001	
1.84553127e+002	-8.80537105e-001	
1.84708214e+002	-8.75018885e-001	
1.84863301e+002	-8.69500666e-001	
1.85018387e+002	-8.63560379e-001	
1.85173474e+002	-8.48832966e-001	
1.85328561e+002	-8.30140898e-001	
1.85483647e+002	-8.07228497e-001	
1.85638734e+002	-7.80797718e-001	
1.85793821e+002	-7.51207555e-001	
1.85948907e+002	-7.16555551e-001	
1.86103994e+002	-6.90096660e-001	
1.86259081e+002	-6.63601137e-001	
1.86414167e+002	-6.40202995e-001	
1.86569254e+002	-6.17836116e-001	
1.86724341e+002	-5.96983899e-001	
1.86879427e+002	-5.83954733e-001	
1.87034514e+002	-5.71272817e-001	
1.87189601e+002	-5.58870267e-001	
1.87344687e+002	-5.52909644e-001	
1.87499774e+002	-5.48373639e-001	
1.87654860e+002	-5.45654092e-001	
1.87809947e+002	-5.45877998e-001	
1.87965034e+002	-5.47134621e-001	
1.88120120e+002	-5.50529791e-001	
1.88275207e+002	-5.57883936e-001	
1.88430294e+002	-5.66913345e-001	
1.88585380e+002	-5.77407969e-001	
1.88740467e+002	-5.91045666e-001	
1.88895554e+002	-6.07132185e-001	
1.89050640e+002	-6.31536938e-001	
1.89205727e+002	-6.55296660e-001	
1.89360814e+002	-6.78414037e-001	
1.89515900e+002	-7.06713150e-001	
1.89670987e+002	-7.36310699e-001	
1.89826074e+002	-7.67495486e-001	
1.89981160e+002	-7.94986410e-001	
1.90136247e+002	-8.22108080e-001	
1.90291334e+002	-8.41957223e-001	
1.90446420e+002	-8.54105553e-001	
1.90601507e+002	-8.62854488e-001	
1.90756594e+002	-8.71603423e-001	
1.90911680e+002	-8.77565627e-001	
1.91066767e+002	-8.81432817e-001	
1.91221854e+002	-8.85300008e-001	
1.91376940e+002	-8.87252530e-001	
1.91532027e+002	-8.86845204e-001	
1.91687114e+002	-8.88061521e-001	
1.91842200e+002	-8.88825324e-001	
1.91997287e+002	-8.88705398e-001	
1.92152374e+002	-8.88585472e-001	
1.92307460e+002	-8.88332752e-001	
1.92462547e+002	-8.87555674e-001	
1.92617634e+002	-8.87542848e-001	
1.92772720e+002	-8.87941072e-001	
1.92927807e+002	-8.88133650e-001	
1.93082894e+002	-8.87332920e-001	
1.93237980e+002	-8.85606797e-001	
1.93393067e+002	-8.84039692e-001	
1.93548154e+002	-8.80576644e-001	
1.93703240e+002	-8.74195893e-001	
1.93858327e+002	-8.66757106e-001	
1.94013414e+002	-8.56884106e-001	
1.94168500e+002	-8.44437388e-001	
1.94323587e+002	-8.23031790e-001	
1.94478674e+002	-7.97863836e-001	
1.94633760e+002	-7.72064785e-001	
1.94788847e+002	-7.40826866e-001	
1.94943934e+002	-7.06055389e-001	
1.95099020e+002	-6.81943363e-001	
1.95254107e+002	-6.56452178e-001	
1.95409194e+002	-6.29371702e-001	
1.95564280e+002	-6.08176405e-001	
1.95719367e+002	-5.92177603e-001	
1.95874454e+002	-5.80019454e-001	
1.96029540e+002	-5.67729592e-001	
1.96184627e+002	-5.57211603e-001	
1.96339714e+002	-5.53154142e-001	
1.96494800e+002	-5.49096681e-001	
1.96649887e+002	-5.45395290e-001	
1.96804974e+002	-5.45053316e-001	
1.96960060e+002	-5.48555759e-001	
1.97115147e+002	-5.55408017e-001	
1.97270234e+002	-5.65087481e-001	
1.97425320e+002	-5.74845664e-001	
1.97580407e+002	-5.84603847e-001	
1.97735493e+002	-5.98567971e-001	
1.97890580e+002	-6.14930947e-001	
1.98045667e+002	-6.31293924e-001	
1.98200753e+002	-6.58735223e-001	
1.98355840e+002	-6.89968425e-001	
1.98510927e+002	-7.19355791e-001	
1.98666013e+002	-7.46707435e-001	
1.98821100e+002	-7.73051916e-001	
1.98976187e+002	-8.06719267e-001	
1.99131273e+002	-8.30354195e-001	
1.99286360e+002	-8.43174741e-001	
1.99441447e+002	-8.55995287e-001	
1.99596533e+002	-8.66681822e-001	
1.99751620e+002	-8.77133795e-001	
1.99906707e+002	-8.81345716e-001	
2.00061793e+002	-8.83640805e-001	
2.00216880e+002	-8.84876322e-001	
2.00371967e+002	-8.86600757e-001	
2.00527053e+002	-8.88326211e-001	
2.00682140e+002	-8.88193957e-001	
2.00837227e+002	-8.88281282e-001	
2.00992313e+002	-8.88547521e-001	
2.01147400e+002	-8.88465408e-001	
2.01302487e+002	-8.88379628e-001	
2.01457573e+002	-8.88293848e-001	
2.01612660e+002	-8.87925817e-001	
2.01767747e+002	-8.87397991e-001	
2.01922833e+002	-8.86870164e-001	
2.02077920e+002	-8.86229427e-001	
2.02233007e+002	-8.85141211e-001	
2.02388093e+002	-8.82220174e-001	
2.02543180e+002	-8.79144465e-001	
2.02698267e+002	-8.75550026e-001	
2.02853353e+002	-8.65234484e-001	
2.03008440e+002	-8.52379430e-001	
2.03163527e+002	-8.36963526e-001	
2.03318613e+002	-8.14757444e-001	
2.03473700e+002	-7.92403888e-001	
2.03628787e+002	-7.64340887e-001	
2.03783873e+002	-7.31012776e-001	
2.03938960e+002	-6.98962007e-001	
2.04094047e+002	-6.74281005e-001	
2.04249133e+002	-6.46683773e-001	
2.04404220e+002	-6.19804684e-001	
2.04559307e+002	-6.06574609e-001	
2.04714393e+002	-5.93344535e-001	
2.04869480e+002	-5.80109321e-001	
2.05024567e+002	-5.66052360e-001	
2.05179653e+002	-5.55790765e-001	
2.05334740e+002	-5.50266708e-001	
2.05489827e+002	-5.49456803e-001	
2.05644913e+002	-5.48985935e-001	
2.05800000e+002	-5.48924912e-001	
2.05955087e+002	-5.50694958e-001	
2.06110173e+002	-5.54963282e-001	
2.06265260e+002	-5.66967347e-001	
2.06420347e+002	-5.78288135e-001	
2.06575433e+002	-5.89534024e-001	
2.06730520e+002	-6.04590940e-001	
2.06885607e+002	-6.25189245e-001	
2.07040693e+002	-6.51014796e-001	
2.07195780e+002	-6.73233777e-001	
2.07350867e+002	-6.98225531e-001	
2.07505953e+002	-7.33940925e-001	
2.07661040e+002	-7.63523055e-001	
2.07816126e+002	-7.91820055e-001	
2.07971213e+002	-8.20033160e-001	
2.08126300e+002	-8.40365471e-001	
2.08281386e+002	-8.56859787e-001	
2.08436473e+002	-8.69977624e-001	
2.08591560e+002	-8.79755328e-001	
2.08746646e+002	-8.86980432e-001	
2.08901733e+002	-8.86658797e-001	
2.09056820e+002	-8.88815921e-001	
2.09211906e+002	-8.93865854e-001	
2.09366993e+002	-8.93979738e-001	
2.09522080e+002	-8.94010672e-001	
2.09677166e+002	-8.94041606e-001	
2.09832253e+002	-8.94490635e-001	
2.09987340e+002	-8.94875537e-001	
2.10142426e+002	-8.94590858e-001	
2.10297513e+002	-8.94474588e-001	
2.10452600e+002	-8.94447345e-001	
2.10607686e+002	-8.94420103e-001	
2.10762773e+002	-8.94165327e-001	
2.10917860e+002	-8.93709788e-001	
2.11072946e+002	-8.92385259e-001	
2.11228033e+002	-8.90974609e-001	
2.11383120e+002	-8.89063673e-001	
2.11538206e+002	-8.84501124e-001	
2.11693293e+002	-8.78062824e-001	
2.11848380e+002	-8.68128559e-001	
2.12003466e+002	-8.58194295e-001	
2.12158553e+002	-8.45832223e-001	
2.12313640e+002	-8.20957876e-001	
2.12468726e+002	-7.93960529e-001	
2.12623813e+002	-7.64905980e-001	
2.12778900e+002	-7.20131586e-001	
2.12933986e+002	-6.78135290e-001	
2.13089073e+002	-6.39171381e-001	
2.13244160e+002	-5.90302116e-001	
2.13399246e+002	-5.45745456e-001	
2.13554333e+002	-5.08150305e-001	
2.13709420e+002	-4.65010078e-001	
2.13864506e+002	-4.24207559e-001	
2.14019593e+002	-3.95892876e-001	
2.14174680e+002	-3.70456321e-001	
2.14329766e+002	-3.46473279e-001	
2.14484853e+002	-3.22826414e-001	
2.14639940e+002	-3.04434201e-001	
2.14795026e+002	-2.90377560e-001	
2.14950113e+002	-2.77305604e-001	
2.15105200e+002	-2.63337069e-001	
2.15260286e+002	-2.55277169e-001	
2.15415373e+002	-2.49304824e-001	
2.15570460e+002	-2.44368685e-001	
2.15725546e+002	-2.41064409e-001	
2.15880633e+002	-2.39802842e-001	
2.16035720e+002	-2.39702430e-001	
2.16190806e+002	-2.41644242e-001	
2.16345893e+002	-2.44701431e-001	
2.16500980e+002	-2.48352088e-001	
2.16656066e+002	-2.50377708e-001	
2.16811153e+002	-2.51883552e-001	
2.16966240e+002	-2.52858676e-001	
2.17121326e+002	-2.48672344e-001	
2.17276413e+002	-2.45408211e-001	
2.17431500e+002	-2.40071147e-001	
2.17586586e+002	-2.35222405e-001	
2.17741673e+002	-2.29450153e-001	
2.17896759e+002	-2.20547363e-001	
2.18051846e+002	-2.13462408e-001	
2.18206933e+002	-2.07120451e-001	
2.18362019e+002	-2.00201010e-001	
2.18517106e+002	-1.93879511e-001	
2.18672193e+002	-1.88019006e-001	
2.18827279e+002	-1.82109323e-001	
2.18982366e+002	-1.75427318e-001	
2.19137453e+002	-1.69430611e-001	
2.19292539e+002	-1.64197622e-001	
2.19447626e+002	-1.59573593e-001	
2.19602713e+002	-1.56028909e-001	
2.19757799e+002	-1.51224851e-001	
2.19912886e+002	-1.46391247e-001	
2.20067973e+002	-1.43093745e-001	
2.20223059e+002	-1.39337404e-001	
2.20378146e+002	-1.35324350e-001	
2.20533233e+002	-1.31409704e-001	
2.20688319e+002	-1.27188582e-001	
2.20843406e+002	-1.22674717e-001	
2.20998493e+002	-1.18147111e-001	
2.21153579e+002	-1.13412584e-001	
2.21308666e+002	-1.08018688e-001	
2.21463753e+002	-1.02576805e-001	
2.21618839e+002	-9.71249065e-002	
2.21773926e+002	-9.16730082e-002	
2.21929013e+002	-8.68798755e-002	
2.22084099e+002	-8.23635392e-002	
2.22239186e+002	-7.78472029e-002	
2.22394273e+002	-7.33127197e-002	
2.22549359e+002	-6.87887433e-002	
2.22704446e+002	-6.54328481e-002	
2.22859533e+002	-6.25516469e-002	
2.23014619e+002	-6.05644152e-002	
2.23169706e+002	-5.85771835e-002	
2.23324793e+002	-5.64812126e-002	
2.23479879e+002	-5.41697788e-002	
2.23634966e+002	-5.26211460e-002	
2.23790053e+002	-5.13435806e-002	
2.23945139e+002	-5.02449475e-002	
2.24100226e+002	-4.94537341e-002	
2.24255313e+002	-4.88245433e-002	
2.24410399e+002	-4.81673489e-002	
2.24565486e+002	-4.78397561e-002	
2.24720573e+002	-4.78066575e-002	
2.24875659e+002	-4.74831903e-002	
2.25030746e+002	-4.78136639e-002	
2.25185833e+002	-4.84494863e-002	
2.25340919e+002	-4.90727236e-002	
2.25496006e+002	-4.96936214e-002	
2.25651093e+002	-5.03145192e-002	
2.25806179e+002	-5.02854735e-002	
2.25961266e+002	-5.00113920e-002	
2.26116353e+002	-4.97725958e-002	
2.26271439e+002	-4.89908094e-002	
2.26426526e+002	-4.78396268e-002	
2.26581613e+002	-4.65761611e-002	
2.26736699e+002	-4.49832913e-002	
2.26891786e+002	-4.35845941e-002	
2.27046873e+002	-4.17155090e-002	
2.27201959e+002	-4.00483980e-002	
2.27357046e+002	-3.88348926e-002	
2.27512133e+002	-3.76213871e-002	
2.27667219e+002	-3.62877121e-002	
2.27822306e+002	-3.45498349e-002	
2.27977392e+002	-3.30699338e-002	
2.28132479e+002	-3.17288179e-002	
2.28287566e+002	-3.04752123e-002	
2.28442652e+002	-2.92678488e-002	
2.28597739e+002	-2.80991222e-002	
2.28752826e+002	-2.65915039e-002	
2.28907912e+002	-2.52402598e-002	
2.29062999e+002	-2.39047900e-002	
2.29218086e+002	-2.28262714e-002	
2.29373172e+002	-2.17894368e-002	
2.29528259e+002	-2.07526021e-002	
2.29683346e+002	-1.93523568e-002	
2.29838432e+002	-1.78884048e-002	
2.29993519e+002	-1.67316719e-002	
2.30148606e+002	-1.55027324e-002	
2.30303692e+002	-1.42244992e-002	
2.30458779e+002	-1.28747703e-002	
2.30613866e+002	-1.15265447e-002	
2.30768952e+002	-1.04208120e-002	
2.30924039e+002	-9.34341495e-003	
2.31079126e+002	-8.22397133e-003	
2.31234212e+002	-7.02891659e-003	
2.31389299e+002	-5.99605773e-003	
2.31544386e+002	-5.05124006e-003	
2.31699472e+002	-4.25772944e-003	
2.31854559e+002	-3.46421883e-003	
2.32009646e+002	-2.67151802e-003	
2.32164732e+002	-1.88461719e-003	
2.32319819e+002	-1.09771635e-003	
2.32474906e+002	-3.10815988e-004	
