% Column 0: Length, mm
% Column 1: B.n, Tesla
0.00000000e+000	-2.55460316e-002	
1.55086662e-001	-2.55782320e-002	
3.10173323e-001	-2.57867753e-002	
4.65259985e-001	-2.62210887e-002	
6.20346646e-001	-2.66484969e-002	
7.75433308e-001	-2.70749378e-002	
9.30519969e-001	-2.75013787e-002	
1.08560663e+000	-2.83198348e-002	
1.24069329e+000	-2.93405353e-002	
1.39577995e+000	-3.06731633e-002	
1.55086662e+000	-3.18164872e-002	
1.70595328e+000	-3.29040484e-002	
1.86103994e+000	-3.47222802e-002	
2.01612660e+000	-3.60557664e-002	
2.17121326e+000	-3.71457610e-002	
2.32629992e+000	-3.82357556e-002	
2.48138658e+000	-3.92844922e-002	
2.63647325e+000	-4.02674295e-002	
2.79155991e+000	-4.08256552e-002	
2.94664657e+000	-4.12047186e-002	
3.10173323e+000	-4.13353608e-002	
3.25681989e+000	-4.14660030e-002	
3.41190655e+000	-4.15854462e-002	
3.56699322e+000	-4.16358645e-002	
3.72207988e+000	-4.16727790e-002	
3.87716654e+000	-4.16868365e-002	
4.03225320e+000	-4.17088659e-002	
4.18733986e+000	-4.17223347e-002	
4.34242652e+000	-4.17255590e-002	
4.49751319e+000	-4.17244143e-002	
4.65259985e+000	-4.17213037e-002	
4.80768651e+000	-4.17152863e-002	
4.96277317e+000	-4.17110857e-002	
5.11785983e+000	-4.17074254e-002	
5.27294649e+000	-4.17037650e-002	
5.42803315e+000	-4.16942797e-002	
5.58311982e+000	-4.16806069e-002	
5.73820648e+000	-4.16561326e-002	
5.89329314e+000	-4.16097509e-002	
6.04837980e+000	-4.15589205e-002	
6.20346646e+000	-4.15080901e-002	
6.35855312e+000	-4.14866704e-002	
6.51363979e+000	-4.15089933e-002	
6.66872645e+000	-4.14824855e-002	
6.82381311e+000	-4.15106954e-002	
6.97889977e+000	-4.17041071e-002	
7.13398643e+000	-4.21496371e-002	
7.28907309e+000	-4.27371099e-002	
7.44415975e+000	-4.35555823e-002	
7.59924642e+000	-4.43740547e-002	
7.75433308e+000	-4.50619771e-002	
7.90941974e+000	-4.69347040e-002	
8.06450640e+000	-4.90342024e-002	
8.21959306e+000	-5.13875099e-002	
8.37467972e+000	-5.34688353e-002	
8.52976639e+000	-5.55233975e-002	
8.68485305e+000	-5.75779597e-002	
8.83993971e+000	-6.06690652e-002	
8.99502637e+000	-6.41037633e-002	
9.15011303e+000	-6.77572495e-002	
9.30519969e+000	-7.15321017e-002	
9.46028636e+000	-7.53682080e-002	
9.61537302e+000	-7.92043142e-002	
9.77045968e+000	-8.30342528e-002	
9.92554634e+000	-8.78006756e-002	
1.00806330e+001	-9.53547769e-002	
1.02357197e+001	-1.02577973e-001	
1.03908063e+001	-1.09263701e-001	
1.05458930e+001	-1.15949429e-001	
1.07009796e+001	-1.22608689e-001	
1.08560663e+001	-1.29204811e-001	
1.10111530e+001	-1.35800933e-001	
1.11662396e+001	-1.42252087e-001	
1.13213263e+001	-1.48009822e-001	
1.14764130e+001	-1.53037312e-001	
1.16314996e+001	-1.57045217e-001	
1.17865863e+001	-1.58111741e-001	
1.19416729e+001	-1.59178265e-001	
1.20967596e+001	-1.60244788e-001	
1.22518463e+001	-1.60803426e-001	
1.24069329e+001	-1.61322136e-001	
1.25620196e+001	-1.61840845e-001	
1.27171062e+001	-1.62045323e-001	
1.28721929e+001	-1.61968801e-001	
1.30272796e+001	-1.61254237e-001	
1.31823662e+001	-1.60971426e-001	
1.33374529e+001	-1.60758526e-001	
1.34925396e+001	-1.59574994e-001	
1.36476262e+001	-1.57642160e-001	
1.38027129e+001	-1.56188366e-001	
1.39577995e+001	-1.50244350e-001	
1.41128862e+001	-1.43012945e-001	
1.42679729e+001	-1.34130529e-001	
1.44230595e+001	-1.22165337e-001	
1.45781462e+001	-1.06935187e-001	
1.47332328e+001	-8.55001331e-002	
1.48883195e+001	-6.28642606e-002	
1.50434062e+001	-4.11563473e-002	
1.51984928e+001	-2.51168419e-002	
1.53535795e+001	-4.52702835e-003	
1.55086662e+001	2.17340322e-002	
1.56637528e+001	3.42022631e-002	
1.58188395e+001	4.66704941e-002	
1.59739261e+001	5.91387250e-002	
1.61290128e+001	7.36706973e-002	
1.62840995e+001	8.66589172e-002	
1.64391861e+001	9.69540504e-002	
1.65942728e+001	1.07949621e-001	
1.67493594e+001	1.19794646e-001	
1.69044461e+001	1.33628710e-001	
1.70595328e+001	1.46906256e-001	
1.72146194e+001	1.59942940e-001	
1.73697061e+001	1.72979624e-001	
1.75247928e+001	1.95550613e-001	
1.76798794e+001	2.16986153e-001	
1.78349661e+001	2.37411774e-001	
1.79900527e+001	2.58441272e-001	
1.81451394e+001	2.80202659e-001	
1.83002261e+001	3.17071943e-001	
1.84553127e+001	3.54464580e-001	
1.86103994e+001	3.89142840e-001	
1.87654860e+001	4.23821099e-001	
1.89205727e+001	4.61122361e-001	
1.90756594e+001	5.08518635e-001	
1.92307460e+001	5.55914909e-001	
1.93858327e+001	6.04392082e-001	
1.95409194e+001	6.35827668e-001	
1.96960060e+001	6.67263255e-001	
1.98510927e+001	6.98698841e-001	
2.00061793e+001	7.34736872e-001	
2.01612660e+001	7.63439535e-001	
2.03163527e+001	7.80805364e-001	
2.04714393e+001	7.93961233e-001	
2.06265260e+001	8.04556725e-001	
2.07816126e+001	8.10579766e-001	
2.09366993e+001	8.15093407e-001	
2.10917860e+001	8.18637582e-001	
2.12468726e+001	8.20154294e-001	
2.14019593e+001	8.21187281e-001	
2.15570460e+001	8.21921498e-001	
2.17121326e+001	8.22357833e-001	
2.18672193e+001	8.22701637e-001	
2.20223059e+001	8.22940576e-001	
2.21773926e+001	8.23179515e-001	
2.23324793e+001	8.23255220e-001	
2.24875659e+001	8.23022137e-001	
2.26426526e+001	8.22789054e-001	
2.27977392e+001	8.22561188e-001	
2.29528259e+001	8.22351478e-001	
2.31079126e+001	8.21380870e-001	
2.32629992e+001	8.20314209e-001	
2.34180859e+001	8.17869099e-001	
2.35731726e+001	8.15423989e-001	
2.37282592e+001	8.12978879e-001	
2.38833459e+001	8.08353751e-001	
2.40384325e+001	8.01845854e-001	
2.41935192e+001	7.92762591e-001	
2.43486059e+001	7.75424588e-001	
2.45036925e+001	7.52409758e-001	
2.46587792e+001	7.19083309e-001	
2.48138658e+001	6.93581276e-001	
2.49689525e+001	6.70954986e-001	
2.51240392e+001	6.48328696e-001	
2.52791258e+001	6.19993961e-001	
2.54342125e+001	5.84916843e-001	
2.55892992e+001	5.63996436e-001	
2.57443858e+001	5.46333931e-001	
2.58994725e+001	5.32125107e-001	
2.60545591e+001	5.17916283e-001	
2.62096458e+001	5.04670251e-001	
2.63647325e+001	4.93117478e-001	
2.65198191e+001	4.81943815e-001	
2.66749058e+001	4.71957712e-001	
2.68299924e+001	4.65441965e-001	
2.69850791e+001	4.52447054e-001	
2.71401658e+001	4.35744884e-001	
2.72952524e+001	4.25355130e-001	
2.74503391e+001	4.14631459e-001	
2.76054258e+001	4.03640237e-001	
2.77605124e+001	3.99940282e-001	
2.79155991e+001	3.98863317e-001	
2.80706857e+001	4.01170756e-001	
2.82257724e+001	4.08053837e-001	
2.83808591e+001	4.17640134e-001	
2.85359457e+001	4.31745722e-001	
2.86910324e+001	4.49244290e-001	
2.88461190e+001	4.68197314e-001	
2.90012057e+001	4.88506595e-001	
2.91562924e+001	5.12226164e-001	
2.93113790e+001	5.38323819e-001	
2.94664657e+001	5.48163401e-001	
2.96215524e+001	5.65161615e-001	
2.97766390e+001	5.89259048e-001	
2.99317257e+001	6.09599291e-001	
3.00868123e+001	6.31545673e-001	
3.02418990e+001	6.56510239e-001	
3.03969857e+001	6.88692277e-001	
3.05520723e+001	7.20384687e-001	
3.07071590e+001	7.45985658e-001	
3.08622457e+001	7.71586629e-001	
3.10173323e+001	8.00367869e-001	
3.11724190e+001	8.32182477e-001	
3.13275056e+001	8.54200816e-001	
3.14825923e+001	8.68817156e-001	
3.16376790e+001	8.76953862e-001	
3.17927656e+001	8.82839928e-001	
3.19478523e+001	8.85963608e-001	
3.21029389e+001	8.89328004e-001	
3.22580256e+001	8.91420566e-001	
3.24131123e+001	8.90821060e-001	
3.25681989e+001	8.87098359e-001	
3.27232856e+001	8.81710921e-001	
3.28783723e+001	8.73565148e-001	
3.30334589e+001	8.63069814e-001	
3.31885456e+001	8.48901134e-001	
3.33436322e+001	8.34732455e-001	
3.34987189e+001	8.12036921e-001	
3.36538056e+001	7.81431040e-001	
3.38088922e+001	7.46333531e-001	
3.39639789e+001	7.13287453e-001	
3.41190655e+001	6.83678463e-001	
3.42741522e+001	6.53975496e-001	
3.44292389e+001	6.26041585e-001	
3.45843255e+001	6.02870419e-001	
3.47394122e+001	5.84098654e-001	
3.48944989e+001	5.68573876e-001	
3.50495855e+001	5.49833141e-001	
3.52046722e+001	5.37578237e-001	
3.53597588e+001	5.29888636e-001	
3.55148455e+001	5.23310939e-001	
3.56699322e+001	5.17543116e-001	
3.58250188e+001	5.12704659e-001	
3.59801055e+001	5.12438098e-001	
3.61351921e+001	5.13852965e-001	
3.62902788e+001	5.17563176e-001	
3.64453655e+001	5.24208869e-001	
3.66004521e+001	5.31765900e-001	
3.67555388e+001	5.39640496e-001	
3.69106255e+001	5.51828195e-001	
3.70657121e+001	5.68300507e-001	
3.72207988e+001	5.85236207e-001	
3.73758854e+001	6.06729763e-001	
3.75309721e+001	6.32178123e-001	
3.76860588e+001	6.56290721e-001	
3.78411454e+001	6.77901081e-001	
3.79962321e+001	6.95998479e-001	
3.81513187e+001	7.08946997e-001	
3.83064054e+001	7.17796517e-001	
3.84614921e+001	7.18801107e-001	
3.86165787e+001	7.11119594e-001	
3.87716654e+001	6.97143582e-001	
3.89267521e+001	6.81871634e-001	
3.90818387e+001	6.62654537e-001	
3.92369254e+001	6.41084006e-001	
3.93920120e+001	6.24323408e-001	
3.95470987e+001	6.08623850e-001	
3.97021854e+001	5.94063198e-001	
3.98572720e+001	5.89085122e-001	
4.00123587e+001	5.84019433e-001	
4.01674453e+001	5.77328949e-001	
4.03225320e+001	5.75598949e-001	
4.04776187e+001	5.76393094e-001	
4.06327053e+001	5.81281167e-001	
4.07877920e+001	5.89446098e-001	
4.09428787e+001	5.97784426e-001	
4.10979653e+001	6.06122754e-001	
4.12530520e+001	6.19355086e-001	
4.14081386e+001	6.36557966e-001	
4.15632253e+001	6.56844140e-001	
4.17183120e+001	6.76720456e-001	
4.18733986e+001	6.96012884e-001	
4.20284853e+001	7.13529758e-001	
4.21835719e+001	7.28156658e-001	
4.23386586e+001	7.36850353e-001	
4.24937453e+001	7.42590409e-001	
4.26488319e+001	7.50460119e-001	
4.28039186e+001	7.43789767e-001	
4.29590053e+001	7.30103204e-001	
4.31140919e+001	7.11998680e-001	
4.32691786e+001	6.91533566e-001	
4.34242652e+001	6.71485352e-001	
4.35793519e+001	6.51855860e-001	
4.37344386e+001	6.32152385e-001	
4.38895252e+001	6.14146652e-001	
4.40446119e+001	5.98966191e-001	
4.41996985e+001	5.89483439e-001	
4.43547852e+001	5.81297611e-001	
4.45098719e+001	5.73111783e-001	
4.46649585e+001	5.67233895e-001	
4.48200452e+001	5.61581845e-001	
4.49751319e+001	5.59292896e-001	
4.51302185e+001	5.60458284e-001	
4.52853052e+001	5.64288426e-001	
4.54403918e+001	5.74321254e-001	
4.55954785e+001	5.85092791e-001	
4.57505652e+001	5.96782514e-001	
4.59056518e+001	6.08472237e-001	
4.60607385e+001	6.24301924e-001	
4.62158251e+001	6.48812089e-001	
4.63709118e+001	6.74649439e-001	
4.65259985e+001	6.98762711e-001	
4.66810851e+001	7.24909923e-001	
4.68361718e+001	7.51382798e-001	
4.69912585e+001	7.77068065e-001	
4.71463451e+001	7.91114619e-001	
4.73014318e+001	8.08366415e-001	
4.74565184e+001	8.28629188e-001	
4.76116051e+001	8.33236728e-001	
4.77666918e+001	8.37092322e-001	
4.79217784e+001	8.40947916e-001	
4.80768651e+001	8.43703044e-001	
4.82319517e+001	8.45810267e-001	
4.83870384e+001	8.46768499e-001	
4.85421251e+001	8.46668100e-001	
4.86972117e+001	8.46653674e-001	
4.88522984e+001	8.46639249e-001	
4.90073851e+001	8.46095791e-001	
4.91624717e+001	8.45160621e-001	
4.93175584e+001	8.43529042e-001	
4.94726450e+001	8.41146260e-001	
4.96277317e+001	8.37890471e-001	
4.97828184e+001	8.31671933e-001	
4.99379050e+001	8.23083541e-001	
5.00929917e+001	8.10519067e-001	
5.02480783e+001	7.94814940e-001	
5.04031650e+001	7.76132236e-001	
5.05582517e+001	7.53712297e-001	
5.07133383e+001	7.27350444e-001	
5.08684250e+001	6.99055168e-001	
5.10235117e+001	6.72122667e-001	
5.11785983e+001	6.42534890e-001	
5.13336850e+001	6.10614014e-001	
5.14887716e+001	5.84936772e-001	
5.16438583e+001	5.59447162e-001	
5.17989450e+001	5.33957553e-001	
5.19540316e+001	5.01634599e-001	
5.21091183e+001	4.72910679e-001	
5.22642049e+001	4.56204650e-001	
5.24192916e+001	4.44171723e-001	
5.25743783e+001	4.31245251e-001	
5.27294649e+001	4.26869682e-001	
5.28845516e+001	4.27945984e-001	
5.30396383e+001	4.32625487e-001	
5.31947249e+001	4.37304990e-001	
5.33498116e+001	4.46953077e-001	
5.35048982e+001	4.62001828e-001	
5.36599849e+001	4.77050579e-001	
5.38150716e+001	4.96326422e-001	
5.39701582e+001	5.23240892e-001	
5.41252449e+001	5.52006418e-001	
5.42803315e+001	5.81725176e-001	
5.44354182e+001	6.05307983e-001	
5.45905049e+001	6.26272093e-001	
5.47455915e+001	6.46826258e-001	
5.49006782e+001	6.74380878e-001	
5.50557649e+001	6.97730587e-001	
5.52108515e+001	7.17625408e-001	
5.53659382e+001	7.41511114e-001	
5.55210248e+001	7.65447172e-001	
5.56761115e+001	7.89383231e-001	
5.58311982e+001	8.18129734e-001	
5.59862848e+001	8.43860234e-001	
5.61413715e+001	8.60924866e-001	
5.62964581e+001	8.72815019e-001	
5.64515448e+001	8.83794807e-001	
5.66066315e+001	8.90968100e-001	
5.67617181e+001	8.95208510e-001	
5.69168048e+001	8.97641822e-001	
5.70718915e+001	9.00075134e-001	
5.72269781e+001	9.01842900e-001	
5.73820648e+001	9.02934005e-001	
5.75371514e+001	9.03745938e-001	
5.76922381e+001	9.04117013e-001	
5.78473248e+001	9.03779755e-001	
5.80024114e+001	9.03442496e-001	
5.81574981e+001	9.03298308e-001	
5.83125847e+001	9.03680561e-001	
5.84676714e+001	9.03736901e-001	
5.86227581e+001	9.03527114e-001	
5.87778447e+001	9.02501953e-001	
5.89329314e+001	9.01476792e-001	
5.90880181e+001	9.00445393e-001	
5.92431047e+001	8.97910957e-001	
5.93981914e+001	8.95376520e-001	
5.95532780e+001	8.92842083e-001	
5.97083647e+001	8.85096543e-001	
5.98634514e+001	8.74234699e-001	
6.00185380e+001	8.58237899e-001	
6.01736247e+001	8.38497342e-001	
6.03287113e+001	8.15323200e-001	
6.04837980e+001	7.92149058e-001	
6.06388847e+001	7.63715896e-001	
6.07939713e+001	7.32265536e-001	
6.09490580e+001	7.00815177e-001	
6.11041447e+001	6.69957544e-001	
6.12592313e+001	6.39663925e-001	
6.14143180e+001	6.13696206e-001	
6.15694046e+001	5.88047299e-001	
6.17244913e+001	5.62548984e-001	
6.18795780e+001	5.40384252e-001	
6.20346646e+001	5.17574271e-001	
6.21897513e+001	4.91671315e-001	
6.23448379e+001	4.68695613e-001	
6.24999246e+001	4.47497965e-001	
6.26550113e+001	4.29602746e-001	
6.28100979e+001	4.16909000e-001	
6.29651846e+001	4.08124558e-001	
6.31202713e+001	4.07707708e-001	
6.32753579e+001	4.07290858e-001	
6.34304446e+001	4.06874008e-001	
6.35855312e+001	4.14968957e-001	
6.37406179e+001	4.25666302e-001	
6.38957046e+001	4.39587447e-001	
6.40507912e+001	4.60099112e-001	
6.42058779e+001	4.85511494e-001	
6.43609645e+001	5.17603680e-001	
6.45160512e+001	5.51585519e-001	
6.46711379e+001	5.87161895e-001	
6.48262245e+001	6.28621721e-001	
6.49813112e+001	6.64593830e-001	
6.51363979e+001	6.95683108e-001	
6.52914845e+001	7.26772387e-001	
6.54465712e+001	7.63213447e-001	
6.56016578e+001	8.07476372e-001	
6.57567445e+001	8.43545796e-001	
6.59118312e+001	8.75163210e-001	
6.60669178e+001	8.92622976e-001	
6.62220045e+001	9.10082742e-001	
6.63770911e+001	9.27082693e-001	
6.65321778e+001	9.41676281e-001	
6.66872645e+001	9.49893722e-001	
6.68423511e+001	9.53800425e-001	
6.69974378e+001	9.56641824e-001	
6.71525245e+001	9.58667767e-001	
6.73076111e+001	9.59796133e-001	
6.74626978e+001	9.60511343e-001	
6.76177844e+001	9.60487534e-001	
6.77728711e+001	9.59180575e-001	
6.79279578e+001	9.59077353e-001	
6.80830444e+001	9.58314778e-001	
6.82381311e+001	9.56652790e-001	
6.83932177e+001	9.51847265e-001	
6.85483044e+001	9.44860282e-001	
6.87033911e+001	9.32678159e-001	
6.88584777e+001	9.17447154e-001	
6.90135644e+001	8.99679196e-001	
6.91686511e+001	8.81911239e-001	
6.93237377e+001	8.56000659e-001	
6.94788244e+001	8.18979409e-001	
6.96339110e+001	7.86013682e-001	
6.97889977e+001	7.57040165e-001	
6.99440844e+001	7.26372373e-001	
7.00991710e+001	6.95061753e-001	
7.02542577e+001	6.64862939e-001	
7.04093443e+001	6.40887846e-001	
7.05644310e+001	6.21538171e-001	
7.07195177e+001	6.05204800e-001	
7.08746043e+001	5.91112089e-001	
7.10296910e+001	5.79201079e-001	
7.11847777e+001	5.69536304e-001	
7.13398643e+001	5.62739130e-001	
7.14949510e+001	5.58699099e-001	
7.16500376e+001	5.58997017e-001	
7.18051243e+001	5.59789716e-001	
7.19602110e+001	5.61338531e-001	
7.21152976e+001	5.64582367e-001	
7.22703843e+001	5.72234124e-001	
7.24254709e+001	5.82093981e-001	
7.25805576e+001	5.93261693e-001	
7.27356443e+001	6.06745558e-001	
7.28907309e+001	6.22030862e-001	
7.30458176e+001	6.37283727e-001	
7.32009043e+001	6.51773850e-001	
7.33559909e+001	6.65291464e-001	
7.35110776e+001	6.74896585e-001	
7.36661642e+001	6.76823053e-001	
7.38212509e+001	6.75255783e-001	
7.39763376e+001	6.72306716e-001	
7.41314242e+001	6.67649155e-001	
7.42865109e+001	6.57745593e-001	
7.44415975e+001	6.47471039e-001	
7.45966842e+001	6.37149707e-001	
7.47517709e+001	6.29044925e-001	
7.49068575e+001	6.23420737e-001	
7.50619442e+001	6.20185861e-001	
7.52170309e+001	6.16914476e-001	
7.53721175e+001	6.16669768e-001	
7.55272042e+001	6.21233511e-001	
7.56822908e+001	6.28301993e-001	
7.58373775e+001	6.35265780e-001	
7.59924642e+001	6.42229568e-001	
7.61475508e+001	6.56879082e-001	
7.63026375e+001	6.75473853e-001	
7.64577241e+001	6.98248557e-001	
7.66128108e+001	7.22646432e-001	
7.67678975e+001	7.48302121e-001	
7.69229841e+001	7.78304810e-001	
7.70780708e+001	8.10236418e-001	
7.72331575e+001	8.44466919e-001	
7.73882441e+001	8.69712174e-001	
7.75433308e+001	8.95748665e-001	
7.76984174e+001	9.13874358e-001	
7.78535041e+001	9.19900063e-001	
7.80085908e+001	9.17750669e-001	
7.81636774e+001	8.98343611e-001	
7.83187641e+001	8.70976196e-001	
7.84738507e+001	8.39732347e-001	
7.86289374e+001	8.12968309e-001	
7.87840241e+001	7.86204271e-001	
7.89391107e+001	7.59440233e-001	
7.90941974e+001	7.20470982e-001	
7.92492841e+001	6.87903125e-001	
7.94043707e+001	6.65476795e-001	
7.95594574e+001	6.47615872e-001	
7.97145440e+001	6.29698851e-001	
7.98696307e+001	6.16731313e-001	
8.00247174e+001	6.05319208e-001	
8.01798040e+001	5.95457405e-001	
8.03348907e+001	5.90640632e-001	
8.04899773e+001	5.88107286e-001	
8.06450640e+001	5.87122848e-001	
8.08001507e+001	5.86138409e-001	
8.09552373e+001	5.87401637e-001	
8.11103240e+001	5.91169959e-001	
8.12654107e+001	6.02501663e-001	
8.14204973e+001	6.13932466e-001	
8.15755840e+001	6.27563470e-001	
8.17306706e+001	6.45815172e-001	
8.18857573e+001	6.65442813e-001	
8.20408440e+001	6.85536382e-001	
8.21959306e+001	7.13453277e-001	
8.23510173e+001	7.44926237e-001	
8.25061039e+001	7.73183360e-001	
8.26611906e+001	8.00325183e-001	
8.28162773e+001	8.26527151e-001	
8.29713639e+001	8.44065526e-001	
8.31264506e+001	8.59484399e-001	
8.32815373e+001	8.72202841e-001	
8.34366239e+001	8.76152762e-001	
8.35917106e+001	8.80115801e-001	
8.37467972e+001	8.84078839e-001	
8.39018839e+001	8.86595133e-001	
8.40569706e+001	8.88026161e-001	
8.42120572e+001	8.86775264e-001	
8.43671439e+001	8.84021528e-001	
8.45222305e+001	8.80125450e-001	
8.46773172e+001	8.72666883e-001	
8.48324039e+001	8.62363088e-001	
8.49874905e+001	8.49092979e-001	
8.51425772e+001	8.31808442e-001	
8.52976639e+001	8.10459363e-001	
8.54527505e+001	7.86950747e-001	
8.56078372e+001	7.62395931e-001	
8.57629238e+001	7.38938606e-001	
8.59180105e+001	7.19671449e-001	
8.60730972e+001	7.02059048e-001	
8.62281838e+001	6.85819368e-001	
8.63832705e+001	6.73961124e-001	
8.65383571e+001	6.62102880e-001	
8.66934438e+001	6.50244636e-001	
8.68485305e+001	6.35889388e-001	
8.70036171e+001	6.21528829e-001	
8.71587038e+001	6.07168270e-001	
8.73137905e+001	5.87585321e-001	
8.74688771e+001	5.66789103e-001	
8.76239638e+001	5.53001174e-001	
8.77790504e+001	5.39994673e-001	
8.79341371e+001	5.28141993e-001	
8.80892238e+001	5.20094349e-001	
8.82443104e+001	5.19444878e-001	
8.83993971e+001	5.23560686e-001	
8.85544838e+001	5.33249075e-001	
8.87095704e+001	5.43321577e-001	
8.88646571e+001	5.53768823e-001	
8.90197437e+001	5.70849153e-001	
8.91748304e+001	5.91218157e-001	
8.93299171e+001	6.06908555e-001	
8.94850037e+001	6.17382530e-001	
8.96400904e+001	6.25972656e-001	
8.97951770e+001	6.32423334e-001	
8.99502637e+001	6.38874011e-001	
9.01053504e+001	6.45745269e-001	
9.02604370e+001	6.55254667e-001	
9.04155237e+001	6.67894527e-001	
9.05706104e+001	6.82896842e-001	
9.07256970e+001	7.01852117e-001	
9.08807837e+001	7.22770917e-001	
9.10358703e+001	7.46059436e-001	
9.11909570e+001	7.72267977e-001	
9.13460437e+001	8.00307006e-001	
9.15011303e+001	8.26926176e-001	
9.16562170e+001	8.53873038e-001	
9.18113036e+001	8.79255773e-001	
9.19663903e+001	8.98279736e-001	
9.21214770e+001	9.12738524e-001	
9.22765636e+001	9.24055414e-001	
9.24316503e+001	9.28443985e-001	
9.25867370e+001	9.32776635e-001	
9.27418236e+001	9.37058291e-001	
9.28969103e+001	9.38790785e-001	
9.30519969e+001	9.40021698e-001	
9.32070836e+001	9.41579317e-001	
9.33621703e+001	9.40993559e-001	
9.35172569e+001	9.40355917e-001	
9.36723436e+001	9.40659644e-001	
9.38274302e+001	9.40963371e-001	
9.39825169e+001	9.41250566e-001	
9.41376036e+001	9.41447127e-001	
9.42926902e+001	9.41400111e-001	
9.44477769e+001	9.41180063e-001	
9.46028636e+001	9.40784756e-001	
9.47579502e+001	9.39793586e-001	
9.49130369e+001	9.38129907e-001	
9.50681235e+001	9.35974139e-001	
9.52232102e+001	9.32840944e-001	
9.53782969e+001	9.28439615e-001	
9.55333835e+001	9.20839926e-001	
9.56884702e+001	9.09897774e-001	
9.58435568e+001	8.90401439e-001	
9.59986435e+001	8.67177435e-001	
9.61537302e+001	8.41772673e-001	
9.63088168e+001	8.13861314e-001	
9.64639035e+001	7.74569651e-001	
9.66189902e+001	7.25567614e-001	
9.67740768e+001	6.82201087e-001	
9.69291635e+001	6.34840250e-001	
9.70842501e+001	5.83722200e-001	
9.72393368e+001	5.34740078e-001	
9.73944235e+001	4.89485692e-001	
9.75495101e+001	4.52324475e-001	
9.77045968e+001	4.17119099e-001	
9.78596834e+001	3.83578167e-001	
9.80147701e+001	3.54645728e-001	
9.81698568e+001	3.29662168e-001	
9.83249434e+001	3.07332025e-001	
9.84800301e+001	2.87428004e-001	
9.86351168e+001	2.70268412e-001	
9.87902034e+001	2.56006055e-001	
9.89452901e+001	2.42460134e-001	
9.91003767e+001	2.32477052e-001	
9.92554634e+001	2.23844445e-001	
9.94105501e+001	2.17421266e-001	
9.95656367e+001	2.12399446e-001	
9.97207234e+001	2.10079481e-001	
9.98758100e+001	2.09736345e-001	
1.00030897e+002	2.10327028e-001	
1.00185983e+002	2.10917711e-001	
1.00341070e+002	2.12561560e-001	
1.00496157e+002	2.15045511e-001	
1.00651243e+002	2.17140506e-001	
1.00806330e+002	2.16556117e-001	
1.00961417e+002	2.16127539e-001	
1.01116503e+002	2.15511843e-001	
1.01271590e+002	2.15298937e-001	
1.01426677e+002	2.16041955e-001	
1.01581763e+002	2.15650569e-001	
1.01736850e+002	2.15109222e-001	
1.01891937e+002	2.15565644e-001	
1.02047023e+002	2.16022067e-001	
1.02202110e+002	2.16468964e-001	
1.02357197e+002	2.16778234e-001	
1.02512283e+002	2.16995687e-001	
1.02667370e+002	2.17122473e-001	
1.02822457e+002	2.17020658e-001	
1.02977543e+002	2.16972947e-001	
1.03132630e+002	2.16925236e-001	
1.03287717e+002	2.17141270e-001	
1.03442803e+002	2.17267653e-001	
1.03597890e+002	2.16966679e-001	
1.03752977e+002	2.16432160e-001	
1.03908063e+002	2.15787153e-001	
1.04063150e+002	2.15088072e-001	
1.04218237e+002	2.13680011e-001	
1.04373323e+002	2.11743397e-001	
1.04528410e+002	2.09806784e-001	
1.04683497e+002	2.07441315e-001	
1.04838583e+002	2.03608779e-001	
1.04993670e+002	1.94876402e-001	
1.05148757e+002	1.86242252e-001	
1.05303843e+002	1.79074790e-001	
1.05458930e+002	1.71907327e-001	
1.05614017e+002	1.63719184e-001	
1.05769103e+002	1.51552634e-001	
1.05924190e+002	1.42792111e-001	
1.06079277e+002	1.35952111e-001	
1.06234363e+002	1.29418136e-001	
1.06389450e+002	1.22978172e-001	
1.06544536e+002	1.16625052e-001	
1.06699623e+002	1.11982185e-001	
1.06854710e+002	1.07170726e-001	
1.07009796e+002	1.02897215e-001	
1.07164883e+002	9.95121240e-002	
1.07319970e+002	9.62281320e-002	
1.07475056e+002	9.27482048e-002	
1.07630143e+002	9.06164901e-002	
1.07785230e+002	8.90287892e-002	
1.07940316e+002	8.74410883e-002	
1.08095403e+002	8.59109885e-002	
1.08250490e+002	8.44526023e-002	
1.08405576e+002	8.40868421e-002	
1.08560663e+002	8.40591006e-002	
1.08715750e+002	8.43319845e-002	
1.08870836e+002	8.52442252e-002	
1.09025923e+002	8.63272168e-002	
1.09181010e+002	8.76083654e-002	
1.09336096e+002	8.95033883e-002	
1.09491183e+002	9.13726998e-002	
1.09646270e+002	9.25485254e-002	
1.09801356e+002	9.37243511e-002	
1.09956443e+002	9.48621154e-002	
1.10111530e+002	9.56492113e-002	
1.10266616e+002	9.61957946e-002	
1.10421703e+002	9.65345615e-002	
1.10576790e+002	9.66962044e-002	
1.10731876e+002	9.68559267e-002	
1.10886963e+002	9.69608694e-002	
1.11042050e+002	9.70029445e-002	
1.11197136e+002	9.70228274e-002	
1.11352223e+002	9.70151815e-002	
1.11507310e+002	9.70129204e-002	
1.11662396e+002	9.70160780e-002	
1.11817483e+002	9.70362018e-002	
1.11972570e+002	9.70319282e-002	
1.12127656e+002	9.70070458e-002	
1.12282743e+002	9.68805988e-002	
1.12437830e+002	9.69058061e-002	
1.12592916e+002	9.70415191e-002	
1.12748003e+002	9.67777208e-002	
1.12903090e+002	9.64615137e-002	
1.13058176e+002	9.61123788e-002	
1.13213263e+002	9.57632439e-002	
1.13368350e+002	9.52084122e-002	
1.13523436e+002	9.39931624e-002	
1.13678523e+002	9.25838495e-002	
1.13833610e+002	9.08650849e-002	
1.13988696e+002	8.74736988e-002	
1.14143783e+002	8.45560484e-002	
1.14298870e+002	8.20211498e-002	
1.14453956e+002	7.90926573e-002	
1.14609043e+002	7.56742355e-002	
1.14764130e+002	7.19693833e-002	
1.14919216e+002	6.92932054e-002	
1.15074303e+002	6.69969470e-002	
1.15229390e+002	6.52067757e-002	
1.15384476e+002	6.35428986e-002	
1.15539563e+002	6.20664169e-002	
1.15694650e+002	6.12285440e-002	
1.15849736e+002	6.05171987e-002	
1.16004823e+002	5.99136363e-002	
1.16159910e+002	5.97863197e-002	
1.16314996e+002	5.98100151e-002	
1.16470083e+002	5.99880454e-002	
1.16625169e+002	6.05145330e-002	
1.16780256e+002	6.12453771e-002	
1.16935343e+002	6.22761098e-002	
1.17090429e+002	6.35898140e-002	
1.17245516e+002	6.52296942e-002	
1.17400603e+002	6.76390039e-002	
1.17555689e+002	7.01951464e-002	
1.17710776e+002	7.28384783e-002	
1.17865863e+002	7.56276985e-002	
1.18020949e+002	7.84169187e-002	
1.18176036e+002	8.09367366e-002	
1.18331123e+002	8.45780363e-002	
1.18486209e+002	8.80014711e-002	
1.18641296e+002	9.11552236e-002	
1.18796383e+002	9.29317544e-002	
1.18951469e+002	9.43809229e-002	
1.19106556e+002	9.55188791e-002	
1.19261643e+002	9.60284908e-002	
1.19416729e+002	9.63423958e-002	
1.19571816e+002	9.66563009e-002	
1.19726903e+002	9.69668842e-002	
1.19881989e+002	9.72494588e-002	
1.20037076e+002	9.72235741e-002	
1.20192163e+002	9.71992939e-002	
1.20347249e+002	9.72262783e-002	
1.20502336e+002	9.72532627e-002	
1.20657423e+002	9.72580562e-002	
1.20812509e+002	9.72286838e-002	
1.20967596e+002	9.71798838e-002	
1.21122683e+002	9.71428981e-002	
1.21277769e+002	9.71482586e-002	
1.21432856e+002	9.71536192e-002	
1.21587943e+002	9.71295376e-002	
1.21743029e+002	9.69358402e-002	
1.21898116e+002	9.67772950e-002	
1.22053203e+002	9.66778481e-002	
1.22208289e+002	9.63495213e-002	
1.22363376e+002	9.58394328e-002	
1.22518463e+002	9.51189864e-002	
1.22673549e+002	9.41118253e-002	
1.22828636e+002	9.28024018e-002	
1.22983723e+002	9.09681140e-002	
1.23138809e+002	8.94551402e-002	
1.23293896e+002	8.80332487e-002	
1.23448983e+002	8.66113571e-002	
1.23604069e+002	8.57800608e-002	
1.23759156e+002	8.52581456e-002	
1.23914243e+002	8.47362303e-002	
1.24069329e+002	8.45275202e-002	
1.24224416e+002	8.46752250e-002	
1.24379503e+002	8.61453344e-002	
1.24534589e+002	8.77230021e-002	
1.24689676e+002	8.94002064e-002	
1.24844763e+002	9.10774107e-002	
1.24999849e+002	9.32364148e-002	
1.25154936e+002	9.65894525e-002	
1.25310023e+002	1.00344176e-001	
1.25465109e+002	1.04150935e-001	
1.25620196e+002	1.07452509e-001	
1.25775283e+002	1.12154236e-001	
1.25930369e+002	1.17222464e-001	
1.26085456e+002	1.23423878e-001	
1.26240543e+002	1.29866042e-001	
1.26395629e+002	1.36568807e-001	
1.26550716e+002	1.43782213e-001	
1.26705802e+002	1.52504418e-001	
1.26860889e+002	1.63859461e-001	
1.27015976e+002	1.72424509e-001	
1.27171062e+002	1.80273758e-001	
1.27326149e+002	1.88123007e-001	
1.27481236e+002	1.94761044e-001	
1.27636322e+002	2.00810315e-001	
1.27791409e+002	2.06859586e-001	
1.27946496e+002	2.10682191e-001	
1.28101582e+002	2.13587686e-001	
1.28256669e+002	2.15049991e-001	
1.28411756e+002	2.16139576e-001	
1.28566842e+002	2.16751590e-001	
1.28721929e+002	2.17151290e-001	
1.28877016e+002	2.17361144e-001	
1.29032102e+002	2.17212077e-001	
1.29187189e+002	2.17063010e-001	
1.29342276e+002	2.16893883e-001	
1.29497362e+002	2.16634220e-001	
1.29652449e+002	2.15464294e-001	
1.29807536e+002	2.12940136e-001	
1.29962622e+002	2.09219802e-001	
1.30117709e+002	2.05499468e-001	
1.30272796e+002	2.01779134e-001	
1.30427882e+002	1.91413493e-001	
1.30582969e+002	1.79276532e-001	
1.30738056e+002	1.64942254e-001	
1.30893142e+002	1.41866938e-001	
1.31048229e+002	1.17614648e-001	
1.31203316e+002	9.58691390e-002	
1.31358402e+002	7.35102498e-002	
1.31513489e+002	5.08847004e-002	
1.31668576e+002	2.83230001e-002	
1.31823662e+002	5.73843910e-003	
1.31978749e+002	-1.02293674e-002	
1.32133836e+002	-2.62855166e-002	
1.32288922e+002	-4.19813215e-002	
1.32444009e+002	-5.72254427e-002	
1.32599096e+002	-7.00834512e-002	
1.32754182e+002	-8.26958464e-002	
1.32909269e+002	-9.54620941e-002	
1.33064356e+002	-1.10099925e-001	
1.33219442e+002	-1.25184467e-001	
1.33374529e+002	-1.39675970e-001	
1.33529616e+002	-1.54167473e-001	
1.33684702e+002	-1.73828407e-001	
1.33839789e+002	-1.93978718e-001	
1.33994876e+002	-2.15910017e-001	
1.34149962e+002	-2.39528415e-001	
1.34305049e+002	-2.62623882e-001	
1.34460136e+002	-2.88230074e-001	
1.34615222e+002	-3.17794074e-001	
1.34770309e+002	-3.53347202e-001	
1.34925396e+002	-3.89672977e-001	
1.35080482e+002	-4.24736848e-001	
1.35235569e+002	-4.70442933e-001	
1.35390656e+002	-5.18677719e-001	
1.35545742e+002	-5.55703282e-001	
1.35700829e+002	-6.00133607e-001	
1.35855916e+002	-6.45400977e-001	
1.36011002e+002	-6.78984783e-001	
1.36166089e+002	-7.10643726e-001	
1.36321176e+002	-7.40046672e-001	
1.36476262e+002	-7.56147205e-001	
1.36631349e+002	-7.70514129e-001	
1.36786435e+002	-7.84412964e-001	
1.36941522e+002	-7.91652312e-001	
1.37096609e+002	-7.96643100e-001	
1.37251695e+002	-8.00438064e-001	
1.37406782e+002	-8.02584515e-001	
1.37561869e+002	-8.03810423e-001	
1.37716955e+002	-8.04784788e-001	
1.37872042e+002	-8.05521147e-001	
1.38027129e+002	-8.06046622e-001	
1.38182215e+002	-8.06141597e-001	
1.38337302e+002	-8.06222682e-001	
1.38492389e+002	-8.06303767e-001	
1.38647475e+002	-8.06244099e-001	
1.38802562e+002	-8.06158767e-001	
1.38957649e+002	-8.06073435e-001	
1.39112735e+002	-8.05991079e-001	
1.39267822e+002	-8.05677301e-001	
1.39422909e+002	-8.04155644e-001	
1.39577995e+002	-8.03197864e-001	
1.39733082e+002	-8.01919055e-001	
1.39888169e+002	-7.98468951e-001	
1.40043255e+002	-7.92320811e-001	
1.40198342e+002	-7.83215300e-001	
1.40353429e+002	-7.74109790e-001	
1.40508515e+002	-7.61851822e-001	
1.40663602e+002	-7.43845145e-001	
1.40818689e+002	-7.25838468e-001	
1.40973775e+002	-7.04672656e-001	
1.41128862e+002	-6.73005542e-001	
1.41283949e+002	-6.40707991e-001	
1.41439035e+002	-6.11747439e-001	
1.41594122e+002	-5.92082835e-001	
1.41749209e+002	-5.72418232e-001	
1.41904295e+002	-5.52753628e-001	
1.42059382e+002	-5.31364090e-001	
1.42214469e+002	-5.12207675e-001	
1.42369555e+002	-4.96120166e-001	
1.42524642e+002	-4.87323074e-001	
1.42679729e+002	-4.79688239e-001	
1.42834815e+002	-4.72053405e-001	
1.42989902e+002	-4.59282597e-001	
1.43144989e+002	-4.45623522e-001	
1.43300075e+002	-4.36210204e-001	
1.43455162e+002	-4.23457055e-001	
1.43610249e+002	-4.10831942e-001	
1.43765335e+002	-4.01795981e-001	
1.43920422e+002	-3.94672606e-001	
1.44075509e+002	-3.89510210e-001	
1.44230595e+002	-3.91165003e-001	
1.44385682e+002	-3.95824016e-001	
1.44540769e+002	-4.04740078e-001	
1.44695855e+002	-4.16498858e-001	
1.44850942e+002	-4.30723926e-001	
1.45006029e+002	-4.50399350e-001	
1.45161115e+002	-4.67614895e-001	
1.45316202e+002	-4.83774973e-001	
1.45471289e+002	-5.07013145e-001	
1.45626375e+002	-5.28675793e-001	
1.45781462e+002	-5.49113688e-001	
1.45936549e+002	-5.67408340e-001	
1.46091635e+002	-5.86822931e-001	
1.46246722e+002	-6.07659306e-001	
1.46401809e+002	-6.30038750e-001	
1.46556895e+002	-6.55738268e-001	
1.46711982e+002	-6.88112349e-001	
1.46867068e+002	-7.17668044e-001	
1.47022155e+002	-7.46740899e-001	
1.47177242e+002	-7.77573090e-001	
1.47332328e+002	-8.06322867e-001	
1.47487415e+002	-8.29508490e-001	
1.47642502e+002	-8.43130868e-001	
1.47797588e+002	-8.55573133e-001	
1.47952675e+002	-8.66883457e-001	
1.48107762e+002	-8.69887197e-001	
1.48262848e+002	-8.72440404e-001	
1.48417935e+002	-8.74987534e-001	
1.48573022e+002	-8.73765963e-001	
1.48728108e+002	-8.71069805e-001	
1.48883195e+002	-8.66480833e-001	
1.49038282e+002	-8.61891860e-001	
1.49193368e+002	-8.57760305e-001	
1.49348455e+002	-8.46157829e-001	
1.49503542e+002	-8.28002299e-001	
1.49658628e+002	-8.05009301e-001	
1.49813715e+002	-7.76988237e-001	
1.49968802e+002	-7.49251501e-001	
1.50123888e+002	-7.21852204e-001	
1.50278975e+002	-6.86667710e-001	
1.50434062e+002	-6.53620209e-001	
1.50589148e+002	-6.26628668e-001	
1.50744235e+002	-6.05926452e-001	
1.50899322e+002	-5.87072083e-001	
1.51054408e+002	-5.68217713e-001	
1.51209495e+002	-5.51776927e-001	
1.51364582e+002	-5.34612540e-001	
1.51519668e+002	-5.24331660e-001	
1.51674755e+002	-5.15799635e-001	
1.51829842e+002	-5.08836781e-001	
1.51984928e+002	-5.05222634e-001	
1.52140015e+002	-5.03629775e-001	
1.52295102e+002	-5.04841049e-001	
1.52450188e+002	-5.06052322e-001	
1.52605275e+002	-5.08927435e-001	
1.52760362e+002	-5.16054601e-001	
1.52915448e+002	-5.27458719e-001	
1.53070535e+002	-5.39475144e-001	
1.53225622e+002	-5.54157387e-001	
1.53380708e+002	-5.68839631e-001	
1.53535795e+002	-5.83753781e-001	
1.53690882e+002	-6.04982126e-001	
1.53845968e+002	-6.26210472e-001	
1.54001055e+002	-6.47438818e-001	
1.54156142e+002	-6.70245347e-001	
1.54311228e+002	-6.89063070e-001	
1.54466315e+002	-7.00227357e-001	
1.54621402e+002	-7.03634324e-001	
1.54776488e+002	-7.02181284e-001	
1.54931575e+002	-6.91278874e-001	
1.55086662e+002	-6.74044617e-001	
1.55241748e+002	-6.56869622e-001	
1.55396835e+002	-6.38156569e-001	
1.55551922e+002	-6.19442011e-001	
1.55707008e+002	-6.00726130e-001	
1.55862095e+002	-5.91118923e-001	
1.56017182e+002	-5.80910304e-001	
1.56172268e+002	-5.69648020e-001	
1.56327355e+002	-5.65573988e-001	
1.56482442e+002	-5.63668975e-001	
1.56637528e+002	-5.64103502e-001	
1.56792615e+002	-5.67733587e-001	
1.56947701e+002	-5.74391707e-001	
1.57102788e+002	-5.84294484e-001	
1.57257875e+002	-5.94197261e-001	
1.57412961e+002	-6.04310622e-001	
1.57568048e+002	-6.18255588e-001	
1.57723135e+002	-6.34298596e-001	
1.57878221e+002	-6.52519828e-001	
1.58033308e+002	-6.71789660e-001	
1.58188395e+002	-6.90544144e-001	
1.58343481e+002	-7.08274985e-001	
1.58498568e+002	-7.19937328e-001	
1.58653655e+002	-7.28996014e-001	
1.58808741e+002	-7.34520964e-001	
1.58963828e+002	-7.35146518e-001	
1.59118915e+002	-7.25169849e-001	
1.59274001e+002	-7.09207892e-001	
1.59429088e+002	-6.86724041e-001	
1.59584175e+002	-6.59124508e-001	
1.59739261e+002	-6.45274867e-001	
1.59894348e+002	-6.31169742e-001	
1.60049435e+002	-6.16717643e-001	
1.60204521e+002	-5.96851801e-001	
1.60359608e+002	-5.80795459e-001	
1.60514695e+002	-5.74708275e-001	
1.60669781e+002	-5.67741798e-001	
1.60824868e+002	-5.61377381e-001	
1.60979955e+002	-5.54446140e-001	
1.61135041e+002	-5.51019807e-001	
1.61290128e+002	-5.50172779e-001	
1.61445215e+002	-5.56406061e-001	
1.61600301e+002	-5.62268387e-001	
1.61755388e+002	-5.67770420e-001	
1.61910475e+002	-5.76809707e-001	
1.62065561e+002	-5.89731982e-001	
1.62220648e+002	-6.08548800e-001	
1.62375735e+002	-6.28759145e-001	
1.62530821e+002	-6.49874450e-001	
1.62685908e+002	-6.72698886e-001	
1.62840995e+002	-6.95610556e-001	
1.62996081e+002	-7.22077074e-001	
1.63151168e+002	-7.52046432e-001	
1.63306255e+002	-7.72674628e-001	
1.63461341e+002	-7.86457050e-001	
1.63616428e+002	-8.00239472e-001	
1.63771515e+002	-8.10870038e-001	
1.63926601e+002	-8.17712693e-001	
1.64081688e+002	-8.23543808e-001	
1.64236775e+002	-8.27864283e-001	
1.64391861e+002	-8.29380513e-001	
1.64546948e+002	-8.30239842e-001	
1.64702035e+002	-8.30430990e-001	
1.64857121e+002	-8.30576173e-001	
1.65012208e+002	-8.30398144e-001	
1.65167295e+002	-8.29997274e-001	
1.65322381e+002	-8.29099464e-001	
1.65477468e+002	-8.28201654e-001	
1.65632555e+002	-8.27303844e-001	
1.65787641e+002	-8.23823977e-001	
1.65942728e+002	-8.19220404e-001	
1.66097815e+002	-8.13088794e-001	
1.66252901e+002	-8.03040776e-001	
1.66407988e+002	-7.89265481e-001	
1.66563075e+002	-7.67758135e-001	
1.66718161e+002	-7.49260309e-001	
1.66873248e+002	-7.31219306e-001	
1.67028334e+002	-7.03111218e-001	
1.67183421e+002	-6.76456513e-001	
1.67338508e+002	-6.50707771e-001	
1.67493594e+002	-6.22311314e-001	
1.67648681e+002	-5.91175804e-001	
1.67803768e+002	-5.56961980e-001	
1.67958854e+002	-5.30699661e-001	
1.68113941e+002	-5.04405458e-001	
1.68269028e+002	-4.76566154e-001	
1.68424114e+002	-4.57437632e-001	
1.68579201e+002	-4.44367559e-001	
1.68734288e+002	-4.30145776e-001	
1.68889374e+002	-4.22144021e-001	
1.69044461e+002	-4.18296000e-001	
1.69199548e+002	-4.23242238e-001	
1.69354634e+002	-4.28188477e-001	
1.69509721e+002	-4.33134716e-001	
1.69664808e+002	-4.47553719e-001	
1.69819894e+002	-4.62174282e-001	
1.69974981e+002	-4.76794846e-001	
1.70130068e+002	-5.01410495e-001	
1.70285154e+002	-5.28298977e-001	
1.70440241e+002	-5.56610399e-001	
1.70595328e+002	-5.79075883e-001	
1.70750414e+002	-5.98209376e-001	
1.70905501e+002	-6.23496802e-001	
1.71060588e+002	-6.46903299e-001	
1.71215674e+002	-6.69114233e-001	
1.71370761e+002	-6.91419433e-001	
1.71525848e+002	-7.15592845e-001	
1.71680934e+002	-7.41730196e-001	
1.71836021e+002	-7.67707733e-001	
1.71991108e+002	-7.93066142e-001	
1.72146194e+002	-8.17367968e-001	
1.72301281e+002	-8.36620190e-001	
1.72456368e+002	-8.51608759e-001	
1.72611454e+002	-8.62553250e-001	
1.72766541e+002	-8.71245001e-001	
1.72921628e+002	-8.78413070e-001	
1.73076714e+002	-8.82133306e-001	
1.73231801e+002	-8.84648821e-001	
1.73386888e+002	-8.86207328e-001	
1.73541974e+002	-8.86864054e-001	
1.73697061e+002	-8.87517022e-001	
1.73852148e+002	-8.88169991e-001	
1.74007234e+002	-8.88284400e-001	
1.74162321e+002	-8.88320416e-001	
1.74317408e+002	-8.88356433e-001	
1.74472494e+002	-8.88571411e-001	
1.74627581e+002	-8.88756069e-001	
1.74782668e+002	-8.88618764e-001	
1.74937754e+002	-8.87909585e-001	
1.75092841e+002	-8.86860301e-001	
1.75247928e+002	-8.85811017e-001	
1.75403014e+002	-8.85036716e-001	
1.75558101e+002	-8.84532806e-001	
1.75713188e+002	-8.77389117e-001	
1.75868274e+002	-8.71443409e-001	
1.76023361e+002	-8.68096905e-001	
1.76178448e+002	-8.52765248e-001	
1.76333534e+002	-8.35715080e-001	
1.76488621e+002	-8.14640095e-001	
1.76643708e+002	-7.88080525e-001	
1.76798794e+002	-7.59082244e-001	
1.76953881e+002	-7.29745634e-001	
1.77108968e+002	-7.00153962e-001	
1.77264054e+002	-6.70402966e-001	
1.77419141e+002	-6.43016860e-001	
1.77574227e+002	-6.16404429e-001	
1.77729314e+002	-5.90733662e-001	
1.77884401e+002	-5.65320311e-001	
1.78039487e+002	-5.41293553e-001	
1.78194574e+002	-5.20040554e-001	
1.78349661e+002	-4.95790478e-001	
1.78504747e+002	-4.71536716e-001	
1.78659834e+002	-4.49998763e-001	
1.78814921e+002	-4.30955758e-001	
1.78970007e+002	-4.14019027e-001	
1.79125094e+002	-4.05174087e-001	
1.79280181e+002	-4.00618101e-001	
1.79435267e+002	-4.00007943e-001	
1.79590354e+002	-3.99397785e-001	
1.79745441e+002	-4.02140962e-001	
1.79900527e+002	-4.09958011e-001	
1.80055614e+002	-4.27909356e-001	
1.80210701e+002	-4.47663975e-001	
1.80365787e+002	-4.70304967e-001	
1.80520874e+002	-4.92945958e-001	
1.80675961e+002	-5.17972664e-001	
1.80831047e+002	-5.56300175e-001	
1.80986134e+002	-5.96445772e-001	
1.81141221e+002	-6.37600369e-001	
1.81296307e+002	-6.70400550e-001	
1.81451394e+002	-7.05204853e-001	
1.81606481e+002	-7.42289998e-001	
1.81761567e+002	-7.75047504e-001	
1.81916654e+002	-8.07444919e-001	
1.82071741e+002	-8.40008777e-001	
1.82226827e+002	-8.69502859e-001	
1.82381914e+002	-8.93787417e-001	
1.82537001e+002	-9.11465039e-001	
1.82692087e+002	-9.21790506e-001	
1.82847174e+002	-9.28335512e-001	
1.83002261e+002	-9.34880517e-001	
1.83157347e+002	-9.39980318e-001	
1.83312434e+002	-9.43836559e-001	
1.83467521e+002	-9.44741626e-001	
1.83622607e+002	-9.45278836e-001	
1.83777694e+002	-9.45398876e-001	
1.83932781e+002	-9.45518917e-001	
1.84087867e+002	-9.45797783e-001	
1.84242954e+002	-9.44649213e-001	
1.84398041e+002	-9.40865280e-001	
1.84553127e+002	-9.36024665e-001	
1.84708214e+002	-9.30775049e-001	
1.84863301e+002	-9.25525433e-001	
1.85018387e+002	-9.19784321e-001	
1.85173474e+002	-9.03810947e-001	
1.85328561e+002	-8.80879141e-001	
1.85483647e+002	-8.50539927e-001	
1.85638734e+002	-8.20745047e-001	
1.85793821e+002	-7.90995774e-001	
1.85948907e+002	-7.61246502e-001	
1.86103994e+002	-7.31082465e-001	
1.86259081e+002	-6.97661132e-001	
1.86414167e+002	-6.65103458e-001	
1.86569254e+002	-6.42776519e-001	
1.86724341e+002	-6.25328927e-001	
1.86879427e+002	-6.07881335e-001	
1.87034514e+002	-5.88919754e-001	
1.87189601e+002	-5.68740148e-001	
1.87344687e+002	-5.62536126e-001	
1.87499774e+002	-5.56857674e-001	
1.87654860e+002	-5.51737012e-001	
1.87809947e+002	-5.49767169e-001	
1.87965034e+002	-5.49311495e-001	
1.88120120e+002	-5.51685109e-001	
1.88275207e+002	-5.54058724e-001	
1.88430294e+002	-5.57726461e-001	
1.88585380e+002	-5.67079750e-001	
1.88740467e+002	-5.78186675e-001	
1.88895554e+002	-5.90330914e-001	
1.89050640e+002	-6.02182708e-001	
1.89205727e+002	-6.15545214e-001	
1.89360814e+002	-6.30412070e-001	
1.89515900e+002	-6.47278328e-001	
1.89670987e+002	-6.60543795e-001	
1.89826074e+002	-6.67675987e-001	
1.89981160e+002	-6.66294600e-001	
1.90136247e+002	-6.65324895e-001	
1.90291334e+002	-6.57903929e-001	
1.90446420e+002	-6.50234528e-001	
1.90601507e+002	-6.41920867e-001	
1.90756594e+002	-6.30101251e-001	
1.90911680e+002	-6.20915681e-001	
1.91066767e+002	-6.13732490e-001	
1.91221854e+002	-6.08882965e-001	
1.91376940e+002	-6.05186271e-001	
1.91532027e+002	-6.02910507e-001	
1.91687114e+002	-6.06852611e-001	
1.91842200e+002	-6.13132775e-001	
1.91997287e+002	-6.21092421e-001	
1.92152374e+002	-6.29052067e-001	
1.92307460e+002	-6.39157442e-001	
1.92462547e+002	-6.57735076e-001	
1.92617634e+002	-6.77816408e-001	
1.92772720e+002	-6.99127226e-001	
1.92927807e+002	-7.24927660e-001	
1.93082894e+002	-7.52574573e-001	
1.93237980e+002	-7.81941672e-001	
1.93393067e+002	-8.15695314e-001	
1.93548154e+002	-8.45713311e-001	
1.93703240e+002	-8.69696907e-001	
1.93858327e+002	-8.92491763e-001	
1.94013414e+002	-9.06246820e-001	
1.94168500e+002	-9.08702972e-001	
1.94323587e+002	-8.95804800e-001	
1.94478674e+002	-8.74836540e-001	
1.94633760e+002	-8.43520402e-001	
1.94788847e+002	-8.15061616e-001	
1.94943934e+002	-7.88609227e-001	
1.95099020e+002	-7.62156839e-001	
1.95254107e+002	-7.29883431e-001	
1.95409194e+002	-6.90901561e-001	
1.95564280e+002	-6.67088117e-001	
1.95719367e+002	-6.48146330e-001	
1.95874454e+002	-6.28537998e-001	
1.96029540e+002	-6.14210874e-001	
1.96184627e+002	-6.01840199e-001	
1.96339714e+002	-5.91143513e-001	
1.96494800e+002	-5.84328948e-001	
1.96649887e+002	-5.79900233e-001	
1.96804974e+002	-5.78884361e-001	
1.96960060e+002	-5.77868489e-001	
1.97115147e+002	-5.76852617e-001	
1.97270234e+002	-5.80442547e-001	
1.97425320e+002	-5.87515813e-001	
1.97580407e+002	-5.99388171e-001	
1.97735493e+002	-6.11408294e-001	
1.97890580e+002	-6.26492237e-001	
1.98045667e+002	-6.45692257e-001	
1.98200753e+002	-6.65318657e-001	
1.98355840e+002	-6.87022515e-001	
1.98510927e+002	-7.18385077e-001	
1.98666013e+002	-7.47599046e-001	
1.98821100e+002	-7.75317380e-001	
1.98976187e+002	-8.01066969e-001	
1.99131273e+002	-8.22625559e-001	
1.99286360e+002	-8.39666495e-001	
1.99441447e+002	-8.52495963e-001	
1.99596533e+002	-8.60671659e-001	
1.99751620e+002	-8.64610434e-001	
1.99906707e+002	-8.68549210e-001	
2.00061793e+002	-8.71970216e-001	
2.00216880e+002	-8.73709805e-001	
2.00371967e+002	-8.72950467e-001	
2.00527053e+002	-8.70576260e-001	
2.00682140e+002	-8.64999358e-001	
2.00837227e+002	-8.59422455e-001	
2.00992313e+002	-8.53845553e-001	
2.01147400e+002	-8.37297794e-001	
2.01302487e+002	-8.20634524e-001	
2.01457573e+002	-8.03971253e-001	
2.01612660e+002	-7.83325752e-001	
2.01767747e+002	-7.63770028e-001	
2.01922833e+002	-7.44214303e-001	
2.02077920e+002	-7.20810015e-001	
2.02233007e+002	-6.97839378e-001	
2.02388093e+002	-6.82761964e-001	
2.02543180e+002	-6.66950264e-001	
2.02698267e+002	-6.51438883e-001	
2.02853353e+002	-6.47790255e-001	
2.03008440e+002	-6.36205256e-001	
2.03163527e+002	-6.16617383e-001	
2.03318613e+002	-6.02421297e-001	
2.03473700e+002	-5.89322579e-001	
2.03628787e+002	-5.69004178e-001	
2.03783873e+002	-5.51922041e-001	
2.03938960e+002	-5.37426653e-001	
2.04094047e+002	-5.28405464e-001	
2.04249133e+002	-5.19384274e-001	
2.04404220e+002	-5.11870059e-001	
2.04559307e+002	-5.14516194e-001	
2.04714393e+002	-5.21205472e-001	
2.04869480e+002	-5.30982036e-001	
2.05024567e+002	-5.42128919e-001	
2.05179653e+002	-5.56073384e-001	
2.05334740e+002	-5.73509979e-001	
2.05489827e+002	-5.92538999e-001	
2.05644913e+002	-6.05772552e-001	
2.05800000e+002	-6.14806425e-001	
2.05955087e+002	-6.22051268e-001	
2.06110173e+002	-6.28732423e-001	
2.06265260e+002	-6.35413579e-001	
2.06420347e+002	-6.41716895e-001	
2.06575433e+002	-6.48839959e-001	
2.06730520e+002	-6.68534746e-001	
2.06885607e+002	-6.86353672e-001	
2.07040693e+002	-7.02403016e-001	
2.07195780e+002	-7.18452359e-001	
2.07350867e+002	-7.40781261e-001	
2.07505953e+002	-7.77769419e-001	
2.07661040e+002	-8.09384587e-001	
2.07816126e+002	-8.36460282e-001	
2.07971213e+002	-8.54174135e-001	
2.08126300e+002	-8.71887988e-001	
2.08281386e+002	-8.89241102e-001	
2.08436473e+002	-9.04481631e-001	
2.08591560e+002	-9.13943957e-001	
2.08746646e+002	-9.19253236e-001	
2.08901733e+002	-9.22709998e-001	
2.09056820e+002	-9.25103057e-001	
2.09211906e+002	-9.26254772e-001	
2.09366993e+002	-9.26575281e-001	
2.09522080e+002	-9.27216940e-001	
2.09677166e+002	-9.27858600e-001	
2.09832253e+002	-9.28186000e-001	
2.09987340e+002	-9.28394009e-001	
2.10142426e+002	-9.28495610e-001	
2.10297513e+002	-9.28511044e-001	
2.10452600e+002	-9.28484597e-001	
2.10607686e+002	-9.28493971e-001	
2.10762773e+002	-9.27983938e-001	
2.10917860e+002	-9.27015584e-001	
2.11072946e+002	-9.25948134e-001	
2.11228033e+002	-9.24224973e-001	
2.11383120e+002	-9.20904479e-001	
2.11538206e+002	-9.17583985e-001	
2.11693293e+002	-9.12732297e-001	
2.11848380e+002	-9.04047004e-001	
2.12003466e+002	-8.88570328e-001	
2.12158553e+002	-8.69012387e-001	
2.12313640e+002	-8.41766494e-001	
2.12468726e+002	-8.13002541e-001	
2.12623813e+002	-7.82869172e-001	
2.12778900e+002	-7.43954567e-001	
2.12933986e+002	-6.99182053e-001	
2.13089073e+002	-6.48015687e-001	
2.13244160e+002	-6.00957102e-001	
2.13399246e+002	-5.52373336e-001	
2.13554333e+002	-4.98637453e-001	
2.13709420e+002	-4.62789146e-001	
2.13864506e+002	-4.31588760e-001	
2.14019593e+002	-4.00388373e-001	
2.14174680e+002	-3.65867852e-001	
2.14329766e+002	-3.31301690e-001	
2.14484853e+002	-3.09629389e-001	
2.14639940e+002	-2.90400009e-001	
2.14795026e+002	-2.73186246e-001	
2.14950113e+002	-2.57913513e-001	
2.15105200e+002	-2.41690499e-001	
2.15260286e+002	-2.30067528e-001	
2.15415373e+002	-2.21216401e-001	
2.15570460e+002	-2.13728137e-001	
2.15725546e+002	-2.08376619e-001	
2.15880633e+002	-2.04194094e-001	
2.16035720e+002	-2.01123772e-001	
2.16190806e+002	-2.01273437e-001	
2.16345893e+002	-2.00789697e-001	
2.16500980e+002	-2.00216859e-001	
2.16656066e+002	-2.04727479e-001	
2.16811153e+002	-2.05595597e-001	
2.16966240e+002	-2.02744439e-001	
2.17121326e+002	-2.01734019e-001	
2.17276413e+002	-2.02533770e-001	
2.17431500e+002	-2.03333522e-001	
2.17586586e+002	-2.03011753e-001	
2.17741673e+002	-2.02047916e-001	
2.17896759e+002	-1.99938489e-001	
2.18051846e+002	-1.99503932e-001	
2.18206933e+002	-1.99830697e-001	
2.18362019e+002	-2.00157463e-001	
2.18517106e+002	-2.00247514e-001	
2.18672193e+002	-2.00155320e-001	
2.18827279e+002	-2.00152976e-001	
2.18982366e+002	-2.00074636e-001	
2.19137453e+002	-2.00083088e-001	
2.19292539e+002	-2.00091541e-001	
2.19447626e+002	-2.00097394e-001	
2.19602713e+002	-2.00097697e-001	
2.19757799e+002	-1.99935187e-001	
2.19912886e+002	-1.99706244e-001	
2.20067973e+002	-1.99418766e-001	
2.20223059e+002	-1.98697671e-001	
2.20378146e+002	-1.97683226e-001	
2.20533233e+002	-1.96116462e-001	
2.20688319e+002	-1.94549697e-001	
2.20843406e+002	-1.92982933e-001	
2.20998493e+002	-1.89908581e-001	
2.21153579e+002	-1.83982974e-001	
2.21308666e+002	-1.74351808e-001	
2.21463753e+002	-1.66987535e-001	
2.21618839e+002	-1.60097232e-001	
2.21773926e+002	-1.53206928e-001	
2.21929013e+002	-1.43965732e-001	
2.22084099e+002	-1.34234740e-001	
2.22239186e+002	-1.27494038e-001	
2.22394273e+002	-1.21092841e-001	
2.22549359e+002	-1.14918447e-001	
2.22704446e+002	-1.07863365e-001	
2.22859533e+002	-1.02828215e-001	
2.23014619e+002	-9.89934092e-002	
2.23169706e+002	-9.51586036e-002	
2.23324793e+002	-9.11490331e-002	
2.23479879e+002	-8.67931970e-002	
2.23634966e+002	-8.38981691e-002	
2.23790053e+002	-8.14869719e-002	
2.23945139e+002	-7.92877038e-002	
2.24100226e+002	-7.71439379e-002	
2.24255313e+002	-7.51434081e-002	
2.24410399e+002	-7.42962829e-002	
2.24565486e+002	-7.34491576e-002	
2.24720573e+002	-7.26020323e-002	
2.24875659e+002	-7.21002715e-002	
2.25030746e+002	-7.20527591e-002	
2.25185833e+002	-7.27698821e-002	
2.25340919e+002	-7.34938380e-002	
2.25496006e+002	-7.42190558e-002	
2.25651093e+002	-7.49442735e-002	
2.25806179e+002	-7.62278422e-002	
2.25961266e+002	-7.76018095e-002	
2.26116353e+002	-7.83120877e-002	
2.26271439e+002	-7.88137956e-002	
2.26426526e+002	-7.91752482e-002	
2.26581613e+002	-7.95367007e-002	
2.26736699e+002	-7.97385763e-002	
2.26891786e+002	-7.98249922e-002	
2.27046873e+002	-7.99114081e-002	
2.27201959e+002	-7.99745674e-002	
2.27357046e+002	-7.99949315e-002	
2.27512133e+002	-8.00139387e-002	
2.27667219e+002	-8.00260683e-002	
2.27822306e+002	-8.00162723e-002	
2.27977392e+002	-8.00420156e-002	
2.28132479e+002	-8.00726718e-002	
2.28287566e+002	-7.99958795e-002	
2.28442652e+002	-7.99648964e-002	
2.28597739e+002	-7.99721890e-002	
2.28752826e+002	-7.99699276e-002	
2.28907912e+002	-7.98874072e-002	
2.29062999e+002	-7.97231889e-002	
2.29218086e+002	-7.95345733e-002	
2.29373172e+002	-7.92422928e-002	
2.29528259e+002	-7.87162010e-002	
2.29683346e+002	-7.78081523e-002	
2.29838432e+002	-7.67641469e-002	
2.29993519e+002	-7.57201415e-002	
2.30148606e+002	-7.38001176e-002	
2.30303692e+002	-7.13153938e-002	
2.30458779e+002	-6.85576035e-002	
2.30613866e+002	-6.61238987e-002	
2.30768952e+002	-6.35787096e-002	
2.30924039e+002	-6.09805326e-002	
2.31079126e+002	-5.84304050e-002	
2.31234212e+002	-5.59693299e-002	
2.31389299e+002	-5.44929902e-002	
2.31544386e+002	-5.32313873e-002	
2.31699472e+002	-5.19074018e-002	
2.31854559e+002	-5.08308907e-002	
2.32009646e+002	-4.99497151e-002	
2.32164732e+002	-4.96479450e-002	
2.32319819e+002	-4.94240512e-002	
2.32474906e+002	-4.92609845e-002	
