% Column 0: Length, mm
% Column 1: B.n, Tesla
0.00000000e+000	-2.19843471e-002	
1.55086662e-001	-2.20790878e-002	
3.10173323e-001	-2.22367047e-002	
4.65259985e-001	-2.24748207e-002	
6.20346646e-001	-2.27905251e-002	
7.75433308e-001	-2.31857306e-002	
9.30519969e-001	-2.37297404e-002	
1.08560663e+000	-2.44255461e-002	
1.24069329e+000	-2.52164731e-002	
1.39577995e+000	-2.61985901e-002	
1.55086662e+000	-2.72850554e-002	
1.70595328e+000	-2.84432531e-002	
1.86103994e+000	-2.97450900e-002	
2.01612660e+000	-3.08881137e-002	
2.17121326e+000	-3.20824251e-002	
2.32629992e+000	-3.29856731e-002	
2.48138658e+000	-3.38131979e-002	
2.63647325e+000	-3.45460144e-002	
2.79155991e+000	-3.50026002e-002	
2.94664657e+000	-3.53311564e-002	
3.10173323e+000	-3.54658280e-002	
3.25681989e+000	-3.56004995e-002	
3.41190655e+000	-3.57258486e-002	
3.56699322e+000	-3.57937418e-002	
3.72207988e+000	-3.58254249e-002	
3.87716654e+000	-3.58201625e-002	
4.03225320e+000	-3.58259067e-002	
4.18733986e+000	-3.58316509e-002	
4.34242652e+000	-3.58373952e-002	
4.49751319e+000	-3.58502873e-002	
4.65259985e+000	-3.58579292e-002	
4.80768651e+000	-3.58533126e-002	
4.96277317e+000	-3.58480319e-002	
5.11785983e+000	-3.58428186e-002	
5.27294649e+000	-3.58386060e-002	
5.42803315e+000	-3.58329243e-002	
5.58311982e+000	-3.58283728e-002	
5.73820648e+000	-3.58441987e-002	
5.89329314e+000	-3.58478067e-002	
6.04837980e+000	-3.58651601e-002	
6.20346646e+000	-3.58825135e-002	
6.35855312e+000	-3.59324827e-002	
6.51363979e+000	-3.60309614e-002	
6.66872645e+000	-3.61294401e-002	
6.82381311e+000	-3.63142031e-002	
6.97889977e+000	-3.67217674e-002	
7.13398643e+000	-3.73865321e-002	
7.28907309e+000	-3.81814734e-002	
7.44415975e+000	-3.91330829e-002	
7.59924642e+000	-4.00846923e-002	
7.75433308e+000	-4.08938398e-002	
7.90941974e+000	-4.29130848e-002	
8.06450640e+000	-4.51279795e-002	
8.21959306e+000	-4.75618519e-002	
8.37467972e+000	-4.96799733e-002	
8.52976639e+000	-5.17670247e-002	
8.68485305e+000	-5.38540762e-002	
8.83993971e+000	-5.69807365e-002	
8.99502637e+000	-6.04449942e-002	
9.15011303e+000	-6.41046802e-002	
9.30519969e+000	-6.78561467e-002	
9.46028636e+000	-7.16539351e-002	
9.61537302e+000	-7.54517235e-002	
9.77045968e+000	-7.92301223e-002	
9.92554634e+000	-8.39218962e-002	
1.00806330e+001	-9.13126340e-002	
1.02357197e+001	-9.83730071e-002	
1.03908063e+001	-1.04899150e-001	
1.05458930e+001	-1.11425293e-001	
1.07009796e+001	-1.17921017e-001	
1.08560663e+001	-1.24344202e-001	
1.10111530e+001	-1.30767386e-001	
1.11662396e+001	-1.37051376e-001	
1.13213263e+001	-1.42669565e-001	
1.14764130e+001	-1.47554653e-001	
1.16314996e+001	-1.51424388e-001	
1.17865863e+001	-1.52479065e-001	
1.19416729e+001	-1.53533742e-001	
1.20967596e+001	-1.54588419e-001	
1.22518463e+001	-1.55082492e-001	
1.24069329e+001	-1.55532490e-001	
1.25620196e+001	-1.55982488e-001	
1.27171062e+001	-1.56198331e-001	
1.28721929e+001	-1.56075970e-001	
1.30272796e+001	-1.55076230e-001	
1.31823662e+001	-1.54728824e-001	
1.33374529e+001	-1.54508712e-001	
1.34925396e+001	-1.52981261e-001	
1.36476262e+001	-1.50504122e-001	
1.38027129e+001	-1.48709760e-001	
1.39577995e+001	-1.40944958e-001	
1.41128862e+001	-1.31588792e-001	
1.42679729e+001	-1.20193494e-001	
1.44230595e+001	-1.04779978e-001	
1.45781462e+001	-8.49864298e-002	
1.47332328e+001	-5.68315735e-002	
1.48883195e+001	-2.73190742e-002	
1.50434062e+001	8.14933689e-004	
1.51984928e+001	2.11323617e-002	
1.53535795e+001	4.69807780e-002	
1.55086662e+001	8.05106662e-002	
1.56637528e+001	9.63711781e-002	
1.58188395e+001	1.12231690e-001	
1.59739261e+001	1.28092202e-001	
1.61290128e+001	1.44692554e-001	
1.62840995e+001	1.59395824e-001	
1.64391861e+001	1.70962601e-001	
1.65942728e+001	1.84375041e-001	
1.67493594e+001	1.99240380e-001	
1.69044461e+001	2.17104113e-001	
1.70595328e+001	2.34358861e-001	
1.72146194e+001	2.51350049e-001	
1.73697061e+001	2.68341236e-001	
1.75247928e+001	2.98468478e-001	
1.76798794e+001	3.26556527e-001	
1.78349661e+001	3.54295362e-001	
1.79900527e+001	3.84972239e-001	
1.81451394e+001	4.19209971e-001	
1.83002261e+001	4.63511165e-001	
1.84553127e+001	5.09214211e-001	
1.86103994e+001	5.55255536e-001	
1.87654860e+001	6.01296862e-001	
1.89205727e+001	6.50483718e-001	
1.90756594e+001	7.11776130e-001	
1.92307460e+001	7.85632394e-001	
1.93858327e+001	8.66856171e-001	
1.95409194e+001	9.07599604e-001	
1.96960060e+001	9.56241574e-001	
1.98510927e+001	1.01211991e+000	
2.00061793e+001	1.06169424e+000	
2.01612660e+001	1.10292928e+000	
2.03163527e+001	1.13199236e+000	
2.04714393e+001	1.15274354e+000	
2.06265260e+001	1.17018686e+000	
2.07816126e+001	1.18318446e+000	
2.09366993e+001	1.19102949e+000	
2.10917860e+001	1.19655663e+000	
2.12468726e+001	1.20064648e+000	
2.14019593e+001	1.20367855e+000	
2.15570460e+001	1.20585593e+000	
2.17121326e+001	1.20671028e+000	
2.18672193e+001	1.20748144e+000	
2.20223059e+001	1.20815834e+000	
2.21773926e+001	1.20854442e+000	
2.23324793e+001	1.20866424e+000	
2.24875659e+001	1.20833656e+000	
2.26426526e+001	1.20800888e+000	
2.27977392e+001	1.20764204e+000	
2.29528259e+001	1.20713863e+000	
2.31079126e+001	1.20449360e+000	
2.32629992e+001	1.20130521e+000	
2.34180859e+001	1.19559941e+000	
2.35731726e+001	1.18989361e+000	
2.37282592e+001	1.18418781e+000	
2.38833459e+001	1.17634760e+000	
2.40384325e+001	1.16501772e+000	
2.41935192e+001	1.14885167e+000	
2.43486059e+001	1.11674285e+000	
2.45036925e+001	1.08081884e+000	
2.46587792e+001	1.04225338e+000	
2.48138658e+001	1.00509195e+000	
2.49689525e+001	9.67968614e-001	
2.51240392e+001	9.28509685e-001	
2.52791258e+001	8.91809160e-001	
2.54342125e+001	8.51406609e-001	
2.55892992e+001	8.17622696e-001	
2.57443858e+001	7.91319503e-001	
2.58994725e+001	7.72946539e-001	
2.60545591e+001	7.54573575e-001	
2.62096458e+001	7.37805423e-001	
2.63647325e+001	7.23859613e-001	
2.65198191e+001	7.13446933e-001	
2.66749058e+001	7.05961001e-001	
2.68299924e+001	7.04979264e-001	
2.69850791e+001	7.03997526e-001	
2.71401658e+001	7.03194326e-001	
2.72952524e+001	7.05828187e-001	
2.74503391e+001	7.13517449e-001	
2.76054258e+001	7.25256698e-001	
2.77605124e+001	7.38966305e-001	
2.79155991e+001	7.55165483e-001	
2.80706857e+001	7.74617740e-001	
2.82257724e+001	8.02708722e-001	
2.83808591e+001	8.33354835e-001	
2.85359457e+001	8.66844342e-001	
2.86910324e+001	8.97459224e-001	
2.88461190e+001	9.28029015e-001	
2.90012057e+001	9.62629479e-001	
2.91562924e+001	9.94209348e-001	
2.93113790e+001	1.02715999e+000	
2.94664657e+001	1.04416783e+000	
2.96215524e+001	1.05662171e+000	
2.97766390e+001	1.06455941e+000	
2.99317257e+001	1.07249712e+000	
3.00868123e+001	1.07989083e+000	
3.02418990e+001	1.08639402e+000	
3.03969857e+001	1.08866814e+000	
3.05520723e+001	1.08993396e+000	
3.07071590e+001	1.09100957e+000	
3.08622457e+001	1.09148289e+000	
3.10173323e+001	1.09159572e+000	
3.11724190e+001	1.09171171e+000	
3.13275056e+001	1.09182770e+000	
3.14825923e+001	1.09194181e+000	
3.16376790e+001	1.09187575e+000	
3.17927656e+001	1.09180969e+000	
3.19478523e+001	1.09174364e+000	
3.21029389e+001	1.09056899e+000	
3.22580256e+001	1.08878218e+000	
3.24131123e+001	1.08602041e+000	
3.25681989e+001	1.08143523e+000	
3.27232856e+001	1.07538688e+000	
3.28783723e+001	1.06580108e+000	
3.30334589e+001	1.05413254e+000	
3.31885456e+001	1.03737327e+000	
3.33436322e+001	1.00578634e+000	
3.34987189e+001	9.77615294e-001	
3.36538056e+001	9.52613189e-001	
3.38088922e+001	9.08793150e-001	
3.39639789e+001	8.69062253e-001	
3.41190655e+001	8.36854151e-001	
3.42741522e+001	8.01937036e-001	
3.44292389e+001	7.69512795e-001	
3.45843255e+001	7.45162594e-001	
3.47394122e+001	7.23844891e-001	
3.48944989e+001	7.06163498e-001	
3.50495855e+001	6.88755081e-001	
3.52046722e+001	6.75481265e-001	
3.53597588e+001	6.65198240e-001	
3.55148455e+001	6.58515602e-001	
3.56699322e+001	6.54066176e-001	
3.58250188e+001	6.52179720e-001	
3.59801055e+001	6.52760420e-001	
3.61351921e+001	6.56056515e-001	
3.62902788e+001	6.64059078e-001	
3.64453655e+001	6.75574851e-001	
3.66004521e+001	6.88074332e-001	
3.67555388e+001	7.00573814e-001	
3.69106255e+001	7.17684617e-001	
3.70657121e+001	7.39744461e-001	
3.72207988e+001	7.61804304e-001	
3.73758854e+001	7.89324180e-001	
3.75309721e+001	8.21581645e-001	
3.76860588e+001	8.57571754e-001	
3.78411454e+001	8.92234332e-001	
3.79962321e+001	9.24864138e-001	
3.81513187e+001	9.47160320e-001	
3.83064054e+001	9.68705036e-001	
3.84614921e+001	9.92843811e-001	
3.86165787e+001	1.00498946e+000	
3.87716654e+001	1.01138354e+000	
3.89267521e+001	1.01843572e+000	
3.90818387e+001	1.02327597e+000	
3.92369254e+001	1.02658582e+000	
3.93920120e+001	1.02798258e+000	
3.95470987e+001	1.02937935e+000	
3.97021854e+001	1.03077611e+000	
3.98572720e+001	1.03176020e+000	
4.00123587e+001	1.03252547e+000	
4.01674453e+001	1.03296393e+000	
4.03225320e+001	1.03337115e+000	
4.04776187e+001	1.03369255e+000	
4.06327053e+001	1.03376235e+000	
4.07877920e+001	1.03426982e+000	
4.09428787e+001	1.03454066e+000	
4.10979653e+001	1.03435455e+000	
4.12530520e+001	1.03233773e+000	
4.14081386e+001	1.02883555e+000	
4.15632253e+001	1.02708751e+000	
4.17183120e+001	1.01975397e+000	
4.18733986e+001	1.00496903e+000	
4.20284853e+001	9.91542971e-001	
4.21835719e+001	9.76020684e-001	
4.23386586e+001	9.55280409e-001	
4.24937453e+001	9.23943780e-001	
4.26488319e+001	8.91482549e-001	
4.28039186e+001	8.53792549e-001	
4.29590053e+001	8.19553879e-001	
4.31140919e+001	7.87422366e-001	
4.32691786e+001	7.55426422e-001	
4.34242652e+001	7.25772880e-001	
4.35793519e+001	6.98471564e-001	
4.37344386e+001	6.78490202e-001	
4.38895252e+001	6.60651907e-001	
4.40446119e+001	6.45560032e-001	
4.41996985e+001	6.36654479e-001	
4.43547852e+001	6.29157032e-001	
4.45098719e+001	6.21659586e-001	
4.46649585e+001	6.19406286e-001	
4.48200452e+001	6.18637381e-001	
4.49751319e+001	6.17868475e-001	
4.51302185e+001	6.21302593e-001	
4.52853052e+001	6.27945701e-001	
4.54403918e+001	6.37602698e-001	
4.55954785e+001	6.49636993e-001	
4.57505652e+001	6.64626177e-001	
4.59056518e+001	6.79615361e-001	
4.60607385e+001	7.00267738e-001	
4.62158251e+001	7.32794480e-001	
4.63709118e+001	7.63593426e-001	
4.65259985e+001	7.91354908e-001	
4.66810851e+001	8.21350436e-001	
4.68361718e+001	8.51345964e-001	
4.69912585e+001	8.80577455e-001	
4.71463451e+001	9.00659286e-001	
4.73014318e+001	9.20741117e-001	
4.74565184e+001	9.40822948e-001	
4.76116051e+001	9.47736654e-001	
4.77666918e+001	9.54017878e-001	
4.79217784e+001	9.60299101e-001	
4.80768651e+001	9.65080208e-001	
4.82319517e+001	9.68817585e-001	
4.83870384e+001	9.70554193e-001	
4.85421251e+001	9.71578785e-001	
4.86972117e+001	9.72493957e-001	
4.88522984e+001	9.72309411e-001	
4.90073851e+001	9.72799960e-001	
4.91624717e+001	9.73733140e-001	
4.93175584e+001	9.73221192e-001	
4.94726450e+001	9.73037038e-001	
4.96277317e+001	9.73233804e-001	
4.97828184e+001	9.73430571e-001	
4.99379050e+001	9.73157671e-001	
5.00929917e+001	9.71971349e-001	
5.02480783e+001	9.69315155e-001	
5.04031650e+001	9.66557666e-001	
5.05582517e+001	9.61073597e-001	
5.07133383e+001	9.55589529e-001	
5.08684250e+001	9.49039901e-001	
5.10235117e+001	9.32189425e-001	
5.11785983e+001	9.09650840e-001	
5.13336850e+001	8.82114312e-001	
5.14887716e+001	8.57373673e-001	
5.16438583e+001	8.27683862e-001	
5.17989450e+001	7.90732700e-001	
5.19540316e+001	7.56948357e-001	
5.21091183e+001	7.25068656e-001	
5.22642049e+001	6.96518149e-001	
5.24192916e+001	6.73364624e-001	
5.25743783e+001	6.49058252e-001	
5.27294649e+001	6.26395292e-001	
5.28845516e+001	6.11104205e-001	
5.30396383e+001	6.00685164e-001	
5.31947249e+001	5.90266124e-001	
5.33498116e+001	5.82735200e-001	
5.35048982e+001	5.78343572e-001	
5.36599849e+001	5.73951945e-001	
5.38150716e+001	5.71481035e-001	
5.39701582e+001	5.72480900e-001	
5.41252449e+001	5.77757129e-001	
5.42803315e+001	5.84266668e-001	
5.44354182e+001	5.94147137e-001	
5.45905049e+001	6.04027606e-001	
5.47455915e+001	6.14946329e-001	
5.49006782e+001	6.34229583e-001	
5.50557649e+001	6.58836468e-001	
5.52108515e+001	6.87817416e-001	
5.53659382e+001	7.12681901e-001	
5.55210248e+001	7.37494206e-001	
5.56761115e+001	7.62306511e-001	
5.58311982e+001	7.93698147e-001	
5.59862848e+001	8.21832124e-001	
5.61413715e+001	8.40107805e-001	
5.62964581e+001	8.52623241e-001	
5.64515448e+001	8.64555061e-001	
5.66066315e+001	8.73118786e-001	
5.67617181e+001	8.78017808e-001	
5.69168048e+001	8.80658816e-001	
5.70718915e+001	8.83299824e-001	
5.72269781e+001	8.85523419e-001	
5.73820648e+001	8.87322673e-001	
5.75371514e+001	8.87252043e-001	
5.76922381e+001	8.87716197e-001	
5.78473248e+001	8.89300448e-001	
5.80024114e+001	8.88682995e-001	
5.81574981e+001	8.87922248e-001	
5.83125847e+001	8.88215506e-001	
5.84676714e+001	8.88508765e-001	
5.86227581e+001	8.88657306e-001	
5.87778447e+001	8.87811724e-001	
5.89329314e+001	8.86966141e-001	
5.90880181e+001	8.86110551e-001	
5.92431047e+001	8.82856124e-001	
5.93981914e+001	8.79311709e-001	
5.95532780e+001	8.75402204e-001	
5.97083647e+001	8.66660881e-001	
5.98634514e+001	8.57268414e-001	
6.00185380e+001	8.47875946e-001	
6.01736247e+001	8.26515570e-001	
6.03287113e+001	7.98486479e-001	
6.04837980e+001	7.68954164e-001	
6.06388847e+001	7.40462175e-001	
6.07939713e+001	7.11818268e-001	
6.09490580e+001	6.73798208e-001	
6.11041447e+001	6.44364290e-001	
6.12592313e+001	6.23097809e-001	
6.14143180e+001	5.99301688e-001	
6.15694046e+001	5.79154249e-001	
6.17244913e+001	5.64927793e-001	
6.18795780e+001	5.50335268e-001	
6.20346646e+001	5.37914082e-001	
6.21897513e+001	5.26926325e-001	
6.23448379e+001	5.19416530e-001	
6.24999246e+001	5.14168571e-001	
6.26550113e+001	5.13733722e-001	
6.28100979e+001	5.13298873e-001	
6.29651846e+001	5.12947158e-001	
6.31202713e+001	5.16501456e-001	
6.32753579e+001	5.23160940e-001	
6.34304446e+001	5.33474820e-001	
6.35855312e+001	5.41817179e-001	
6.37406179e+001	5.53313258e-001	
6.38957046e+001	5.71470917e-001	
6.40507912e+001	5.87089072e-001	
6.42058779e+001	6.06784204e-001	
6.43609645e+001	6.36441385e-001	
6.45160512e+001	6.61324526e-001	
6.46711379e+001	6.83930752e-001	
6.48262245e+001	7.09248716e-001	
6.49813112e+001	7.27723897e-001	
6.51363979e+001	7.40110530e-001	
6.52914845e+001	7.52497163e-001	
6.54465712e+001	7.62814055e-001	
6.56016578e+001	7.70106058e-001	
6.57567445e+001	7.73942470e-001	
6.59118312e+001	7.76020995e-001	
6.60669178e+001	7.77105138e-001	
6.62220045e+001	7.78189280e-001	
6.63770911e+001	7.79256134e-001	
6.65321778e+001	7.80232666e-001	
6.66872645e+001	7.80744994e-001	
6.68423511e+001	7.80939412e-001	
6.69974378e+001	7.80951381e-001	
6.71525245e+001	7.80963350e-001	
6.73076111e+001	7.80975320e-001	
6.74626978e+001	7.80822602e-001	
6.76177844e+001	7.80328953e-001	
6.77728711e+001	7.79238937e-001	
6.79279578e+001	7.78237298e-001	
6.80830444e+001	7.76884270e-001	
6.82381311e+001	7.75531242e-001	
6.83932177e+001	7.72812718e-001	
6.85483044e+001	7.69000527e-001	
6.87033911e+001	7.61716428e-001	
6.88584777e+001	7.50732050e-001	
6.90135644e+001	7.36668746e-001	
6.91686511e+001	7.14102856e-001	
6.93237377e+001	6.92907671e-001	
6.94788244e+001	6.73766964e-001	
6.96339110e+001	6.44323539e-001	
6.97889977e+001	6.15742884e-001	
6.99440844e+001	5.84926110e-001	
7.00991710e+001	5.57935618e-001	
7.02542577e+001	5.34105873e-001	
7.04093443e+001	5.18669171e-001	
7.05644310e+001	5.03232469e-001	
7.07195177e+001	4.87946961e-001	
7.08746043e+001	4.75302104e-001	
7.10296910e+001	4.63979506e-001	
7.11847777e+001	4.54018302e-001	
7.13398643e+001	4.47592833e-001	
7.14949510e+001	4.43264931e-001	
7.16500376e+001	4.42066920e-001	
7.18051243e+001	4.42837340e-001	
7.19602110e+001	4.43947783e-001	
7.21152976e+001	4.45058225e-001	
7.22703843e+001	4.50543484e-001	
7.24254709e+001	4.58200850e-001	
7.25805576e+001	4.67018859e-001	
7.27356443e+001	4.79763308e-001	
7.28907309e+001	4.95561810e-001	
7.30458176e+001	5.11494821e-001	
7.32009043e+001	5.29209945e-001	
7.33559909e+001	5.49196970e-001	
7.35110776e+001	5.71731804e-001	
7.36661642e+001	5.90394849e-001	
7.38212509e+001	6.04976927e-001	
7.39763376e+001	6.21466989e-001	
7.41314242e+001	6.36731321e-001	
7.42865109e+001	6.44321379e-001	
7.44415975e+001	6.50500037e-001	
7.45966842e+001	6.55665246e-001	
7.47517709e+001	6.58302808e-001	
7.49068575e+001	6.59803609e-001	
7.50619442e+001	6.60209521e-001	
7.52170309e+001	6.61973710e-001	
7.53721175e+001	6.63011557e-001	
7.55272042e+001	6.62777811e-001	
7.56822908e+001	6.62783916e-001	
7.58373775e+001	6.62847360e-001	
7.59924642e+001	6.62577151e-001	
7.61475508e+001	6.62845647e-001	
7.63026375e+001	6.63240283e-001	
7.64577241e+001	6.63008825e-001	
7.66128108e+001	6.62172375e-001	
7.67678975e+001	6.60909247e-001	
7.69229841e+001	6.60363880e-001	
7.70780708e+001	6.59710013e-001	
7.72331575e+001	6.58926802e-001	
7.73882441e+001	6.55239135e-001	
7.75433308e+001	6.51455886e-001	
7.76984174e+001	6.45755440e-001	
7.78535041e+001	6.33599387e-001	
7.80085908e+001	6.19435662e-001	
7.81636774e+001	6.04897622e-001	
7.83187641e+001	5.81740533e-001	
7.84738507e+001	5.54642430e-001	
7.86289374e+001	5.35066756e-001	
7.87840241e+001	5.15491081e-001	
7.89391107e+001	4.95915407e-001	
7.90941974e+001	4.67865360e-001	
7.92492841e+001	4.44916784e-001	
7.94043707e+001	4.29982209e-001	
7.95594574e+001	4.17063954e-001	
7.97145440e+001	4.03755401e-001	
7.98696307e+001	3.93164213e-001	
8.00247174e+001	3.86359461e-001	
8.01798040e+001	3.80886289e-001	
8.03348907e+001	3.74609051e-001	
8.04899773e+001	3.70539931e-001	
8.06450640e+001	3.68041207e-001	
8.08001507e+001	3.67581267e-001	
8.09552373e+001	3.68155751e-001	
8.11103240e+001	3.69883143e-001	
8.12654107e+001	3.76673836e-001	
8.14204973e+001	3.83049985e-001	
8.15755840e+001	3.89477866e-001	
8.17306706e+001	3.98778053e-001	
8.18857573e+001	4.09581304e-001	
8.20408440e+001	4.22878885e-001	
8.21959306e+001	4.39360911e-001	
8.23510173e+001	4.57474093e-001	
8.25061039e+001	4.75857927e-001	
8.26611906e+001	4.91872777e-001	
8.28162773e+001	5.05891437e-001	
8.29713639e+001	5.15410698e-001	
8.31264506e+001	5.23404259e-001	
8.32815373e+001	5.29408048e-001	
8.34366239e+001	5.33858367e-001	
8.35917106e+001	5.37887983e-001	
8.37467972e+001	5.39785579e-001	
8.39018839e+001	5.40903168e-001	
8.40569706e+001	5.41740148e-001	
8.42120572e+001	5.42577127e-001	
8.43671439e+001	5.42850579e-001	
8.45222305e+001	5.42767533e-001	
8.46773172e+001	5.42684488e-001	
8.48324039e+001	5.42654708e-001	
8.49874905e+001	5.42680461e-001	
8.51425772e+001	5.42663674e-001	
8.52976639e+001	5.42640713e-001	
8.54527505e+001	5.42407551e-001	
8.56078372e+001	5.42174388e-001	
8.57629238e+001	5.41830522e-001	
8.59180105e+001	5.41143161e-001	
8.60730972e+001	5.39735359e-001	
8.62281838e+001	5.37719535e-001	
8.63832705e+001	5.33720674e-001	
8.65383571e+001	5.29721813e-001	
8.66934438e+001	5.25722952e-001	
8.68485305e+001	5.16577365e-001	
8.70036171e+001	5.05277434e-001	
8.71587038e+001	4.91209777e-001	
8.73137905e+001	4.71991901e-001	
8.74688771e+001	4.50828051e-001	
8.76239638e+001	4.30809302e-001	
8.77790504e+001	4.11394025e-001	
8.79341371e+001	3.92455099e-001	
8.80892238e+001	3.74694377e-001	
8.82443104e+001	3.59695592e-001	
8.83993971e+001	3.46422901e-001	
8.85544838e+001	3.34502101e-001	
8.87095704e+001	3.24304394e-001	
8.88646571e+001	3.15787244e-001	
8.90197437e+001	3.08569942e-001	
8.91748304e+001	3.03526101e-001	
8.93299171e+001	3.00306725e-001	
8.94850037e+001	2.97087350e-001	
8.96400904e+001	2.94307631e-001	
8.97951770e+001	2.92776533e-001	
8.99502637e+001	2.93102119e-001	
9.01053504e+001	2.94588259e-001	
9.02604370e+001	2.98338035e-001	
9.04155237e+001	3.03757029e-001	
9.05706104e+001	3.10408938e-001	
9.07256970e+001	3.17357838e-001	
9.08807837e+001	3.26260681e-001	
9.10358703e+001	3.37521705e-001	
9.11909570e+001	3.49958663e-001	
9.13460437e+001	3.62795425e-001	
9.15011303e+001	3.74003661e-001	
9.16562170e+001	3.85683732e-001	
9.18113036e+001	3.96749153e-001	
9.19663903e+001	4.04921139e-001	
9.21214770e+001	4.10471171e-001	
9.22765636e+001	4.14493883e-001	
9.24316503e+001	4.17545586e-001	
9.25867370e+001	4.19427049e-001	
9.27418236e+001	4.20240868e-001	
9.28969103e+001	4.21054688e-001	
9.30519969e+001	4.21521076e-001	
9.32070836e+001	4.21889966e-001	
9.33621703e+001	4.22223183e-001	
9.35172569e+001	4.22465502e-001	
9.36723436e+001	4.22488583e-001	
9.38274302e+001	4.22511663e-001	
9.39825169e+001	4.22526758e-001	
9.41376036e+001	4.22498033e-001	
9.42926902e+001	4.22448617e-001	
9.44477769e+001	4.22376263e-001	
9.46028636e+001	4.22033544e-001	
9.47579502e+001	4.21541669e-001	
9.49130369e+001	4.20881443e-001	
9.50681235e+001	4.20023325e-001	
9.52232102e+001	4.18681783e-001	
9.53782969e+001	4.16785542e-001	
9.55333835e+001	4.12962436e-001	
9.56884702e+001	4.07792541e-001	
9.58435568e+001	3.99780028e-001	
9.59986435e+001	3.88850032e-001	
9.61537302e+001	3.76248590e-001	
9.63088168e+001	3.61999653e-001	
9.64639035e+001	3.44539242e-001	
9.66189902e+001	3.24338632e-001	
9.67740768e+001	3.04187398e-001	
9.69291635e+001	2.82024591e-001	
9.70842501e+001	2.56401967e-001	
9.72393368e+001	2.37535472e-001	
9.73944235e+001	2.19731457e-001	
9.75495101e+001	2.01731853e-001	
9.77045968e+001	1.86333352e-001	
9.78596834e+001	1.72491462e-001	
9.80147701e+001	1.61589357e-001	
9.81698568e+001	1.51332697e-001	
9.83249434e+001	1.41724711e-001	
9.84800301e+001	1.36784366e-001	
9.86351168e+001	1.31844021e-001	
9.87902034e+001	1.26903676e-001	
9.89452901e+001	1.22505593e-001	
9.91003767e+001	1.19427918e-001	
9.92554634e+001	1.17930053e-001	
9.94105501e+001	1.18406343e-001	
9.95656367e+001	1.19369769e-001	
9.97207234e+001	1.20333195e-001	
9.98758100e+001	1.23058862e-001	
1.00030897e+002	1.26616970e-001	
1.00185983e+002	1.30175077e-001	
1.00341070e+002	1.35401339e-001	
1.00496157e+002	1.41958344e-001	
1.00651243e+002	1.48198340e-001	
1.00806330e+002	1.54716410e-001	
1.00961417e+002	1.61610181e-001	
1.01116503e+002	1.67043897e-001	
1.01271590e+002	1.72885657e-001	
1.01426677e+002	1.80110544e-001	
1.01581763e+002	1.86791578e-001	
1.01736850e+002	1.92695617e-001	
1.01891937e+002	1.96022527e-001	
1.02047023e+002	1.99349438e-001	
1.02202110e+002	2.02613341e-001	
1.02357197e+002	2.04964818e-001	
1.02512283e+002	2.06541238e-001	
1.02667370e+002	2.07352226e-001	
1.02822457e+002	2.07743261e-001	
1.02977543e+002	2.07960321e-001	
1.03132630e+002	2.08177381e-001	
1.03287717e+002	2.08363897e-001	
1.03442803e+002	2.08470568e-001	
1.03597890e+002	2.08366260e-001	
1.03752977e+002	2.07931471e-001	
1.03908063e+002	2.07335432e-001	
1.04063150e+002	2.06631310e-001	
1.04218237e+002	2.05263243e-001	
1.04373323e+002	2.03400194e-001	
1.04528410e+002	2.01537146e-001	
1.04683497e+002	1.99268590e-001	
1.04838583e+002	1.95567823e-001	
1.04993670e+002	1.87146563e-001	
1.05148757e+002	1.78823947e-001	
1.05303843e+002	1.71922593e-001	
1.05458930e+002	1.65021239e-001	
1.05614017e+002	1.57134705e-001	
1.05769103e+002	1.45408139e-001	
1.05924190e+002	1.36791624e-001	
1.06079277e+002	1.29948107e-001	
1.06234363e+002	1.23602964e-001	
1.06389450e+002	1.17294241e-001	
1.06544536e+002	1.11019156e-001	
1.06699623e+002	1.06875025e-001	
1.06854710e+002	1.02337985e-001	
1.07009796e+002	9.79525147e-002	
1.07164883e+002	9.46215093e-002	
1.07319970e+002	9.13891831e-002	
1.07475056e+002	8.78678105e-002	
1.07630143e+002	8.56311227e-002	
1.07785230e+002	8.39128168e-002	
1.07940316e+002	8.21945109e-002	
1.08095403e+002	8.05225593e-002	
1.08250490e+002	7.89161405e-002	
1.08405576e+002	7.84592297e-002	
1.08560663e+002	7.82667404e-002	
1.08715750e+002	7.82452782e-002	
1.08870836e+002	7.88352110e-002	
1.09025923e+002	7.96078642e-002	
1.09181010e+002	8.06071152e-002	
1.09336096e+002	8.21660183e-002	
1.09491183e+002	8.37215742e-002	
1.09646270e+002	8.47157919e-002	
1.09801356e+002	8.57100095e-002	
1.09956443e+002	8.66728659e-002	
1.10111530e+002	8.73467800e-002	
1.10266616e+002	8.78155308e-002	
1.10421703e+002	8.81070087e-002	
1.10576790e+002	8.82386474e-002	
1.10731876e+002	8.83906070e-002	
1.10886963e+002	8.85301373e-002	
1.11042050e+002	8.84977043e-002	
1.11197136e+002	8.84666526e-002	
1.11352223e+002	8.85118353e-002	
1.11507310e+002	8.85287393e-002	
1.11662396e+002	8.85376087e-002	
1.11817483e+002	8.85587322e-002	
1.11972570e+002	8.85374648e-002	
1.12127656e+002	8.84886647e-002	
1.12282743e+002	8.84398646e-002	
1.12437830e+002	8.84086431e-002	
1.12592916e+002	8.83501422e-002	
1.12748003e+002	8.82916413e-002	
1.12903090e+002	8.81584801e-002	
1.13058176e+002	8.78928238e-002	
1.13213263e+002	8.72527918e-002	
1.13368350e+002	8.64548562e-002	
1.13523436e+002	8.54524001e-002	
1.13678523e+002	8.44499440e-002	
1.13833610e+002	8.31935448e-002	
1.13988696e+002	7.99748614e-002	
1.14143783e+002	7.70725019e-002	
1.14298870e+002	7.44257234e-002	
1.14453956e+002	7.19156160e-002	
1.14609043e+002	6.90628481e-002	
1.14764130e+002	6.60784254e-002	
1.14919216e+002	6.33960325e-002	
1.15074303e+002	6.11165242e-002	
1.15229390e+002	5.96423521e-002	
1.15384476e+002	5.81727410e-002	
1.15539563e+002	5.67865323e-002	
1.15694650e+002	5.57624134e-002	
1.15849736e+002	5.50277552e-002	
1.16004823e+002	5.45138027e-002	
1.16159910e+002	5.46945106e-002	
1.16314996e+002	5.49122714e-002	
1.16470083e+002	5.51785791e-002	
1.16625169e+002	5.54448868e-002	
1.16780256e+002	5.59604506e-002	
1.16935343e+002	5.68877679e-002	
1.17090429e+002	5.82739685e-002	
1.17245516e+002	5.97813828e-002	
1.17400603e+002	6.13400909e-002	
1.17555689e+002	6.38568729e-002	
1.17710776e+002	6.67409079e-002	
1.17865863e+002	6.92426414e-002	
1.18020949e+002	7.17443749e-002	
1.18176036e+002	7.39926534e-002	
1.18331123e+002	7.75574113e-002	
1.18486209e+002	8.05513594e-002	
1.18641296e+002	8.28387836e-002	
1.18796383e+002	8.47582377e-002	
1.18951469e+002	8.62805209e-002	
1.19106556e+002	8.70733902e-002	
1.19261643e+002	8.75455248e-002	
1.19416729e+002	8.79177614e-002	
1.19571816e+002	8.82899981e-002	
1.19726903e+002	8.84799738e-002	
1.19881989e+002	8.85705708e-002	
1.20037076e+002	8.87003762e-002	
1.20192163e+002	8.87814303e-002	
1.20347249e+002	8.88638779e-002	
1.20502336e+002	8.88151847e-002	
1.20657423e+002	8.87836946e-002	
1.20812509e+002	8.87881587e-002	
1.20967596e+002	8.87744975e-002	
1.21122683e+002	8.87543475e-002	
1.21277769e+002	8.87265579e-002	
1.21432856e+002	8.86987683e-002	
1.21587943e+002	8.86609437e-002	
1.21743029e+002	8.85653055e-002	
1.21898116e+002	8.84303824e-002	
1.22053203e+002	8.82961737e-002	
1.22208289e+002	8.80267449e-002	
1.22363376e+002	8.75915051e-002	
1.22518463e+002	8.69643682e-002	
1.22673549e+002	8.60962877e-002	
1.22828636e+002	8.49786638e-002	
1.22983723e+002	8.34286107e-002	
1.23138809e+002	8.21833975e-002	
1.23293896e+002	8.10245960e-002	
1.23448983e+002	7.98657945e-002	
1.23604069e+002	7.92746894e-002	
1.23759156e+002	7.89809667e-002	
1.23914243e+002	7.86872440e-002	
1.24069329e+002	7.87129733e-002	
1.24224416e+002	7.91415993e-002	
1.24379503e+002	8.04819869e-002	
1.24534589e+002	8.19875287e-002	
1.24689676e+002	8.36924205e-002	
1.24844763e+002	8.59101985e-002	
1.24999849e+002	8.83591452e-002	
1.25154936e+002	9.11548425e-002	
1.25310023e+002	9.46683543e-002	
1.25465109e+002	9.84828869e-002	
1.25620196e+002	1.02450576e-001	
1.25775283e+002	1.07340762e-001	
1.25930369e+002	1.12260393e-001	
1.26085456e+002	1.18207292e-001	
1.26240543e+002	1.24154191e-001	
1.26395629e+002	1.30101091e-001	
1.26550716e+002	1.37599349e-001	
1.26705802e+002	1.46461662e-001	
1.26860889e+002	1.57530959e-001	
1.27015976e+002	1.65725052e-001	
1.27171062e+002	1.73181486e-001	
1.27326149e+002	1.80637921e-001	
1.27481236e+002	1.88511224e-001	
1.27636322e+002	1.96122375e-001	
1.27791409e+002	2.00028612e-001	
1.27946496e+002	2.02377993e-001	
1.28101582e+002	2.04262826e-001	
1.28256669e+002	2.06147658e-001	
1.28411756e+002	2.07596696e-001	
1.28566842e+002	2.08461175e-001	
1.28721929e+002	2.08797020e-001	
1.28877016e+002	2.08921634e-001	
1.29032102e+002	2.08750758e-001	
1.29187189e+002	2.08579881e-001	
1.29342276e+002	2.08284404e-001	
1.29497362e+002	2.07426183e-001	
1.29652449e+002	2.06376651e-001	
1.29807536e+002	2.04216949e-001	
1.29962622e+002	2.00618757e-001	
1.30117709e+002	1.95276897e-001	
1.30272796e+002	1.88169474e-001	
1.30427882e+002	1.77396552e-001	
1.30582969e+002	1.60412679e-001	
1.30738056e+002	1.33454655e-001	
1.30893142e+002	1.10026969e-001	
1.31048229e+002	8.74140180e-002	
1.31203316e+002	6.48010665e-002	
1.31358402e+002	3.44784709e-002	
1.31513489e+002	9.47682788e-004	
1.31668576e+002	-3.07983987e-002	
1.31823662e+002	-6.03557875e-002	
1.31978749e+002	-7.89415762e-002	
1.32133836e+002	-9.75273648e-002	
1.32288922e+002	-1.14321330e-001	
1.32444009e+002	-1.28869366e-001	
1.32599096e+002	-1.46273912e-001	
1.32754182e+002	-1.62896068e-001	
1.32909269e+002	-1.77055224e-001	
1.33064356e+002	-1.91214381e-001	
1.33219442e+002	-2.07012135e-001	
1.33374529e+002	-2.29450645e-001	
1.33529616e+002	-2.51173445e-001	
1.33684702e+002	-2.79593296e-001	
1.33839789e+002	-3.04203848e-001	
1.33994876e+002	-3.29343718e-001	
1.34149962e+002	-3.54985017e-001	
1.34305049e+002	-3.96534568e-001	
1.34460136e+002	-4.36464299e-001	
1.34615222e+002	-4.72618053e-001	
1.34770309e+002	-5.19822012e-001	
1.34925396e+002	-5.69816790e-001	
1.35080482e+002	-6.21217952e-001	
1.35235569e+002	-6.84150606e-001	
1.35390656e+002	-7.50099753e-001	
1.35545742e+002	-8.05536787e-001	
1.35700829e+002	-8.68666030e-001	
1.35855916e+002	-9.30513799e-001	
1.36011002e+002	-9.84217241e-001	
1.36166089e+002	-1.03461309e+000	
1.36321176e+002	-1.08113246e+000	
1.36476262e+002	-1.11042374e+000	
1.36631349e+002	-1.13548860e+000	
1.36786435e+002	-1.15605851e+000	
1.36941522e+002	-1.16960147e+000	
1.37096609e+002	-1.17989450e+000	
1.37251695e+002	-1.18571490e+000	
1.37406782e+002	-1.19041408e+000	
1.37561869e+002	-1.19438509e+000	
1.37716955e+002	-1.19629992e+000	
1.37872042e+002	-1.19778477e+000	
1.38027129e+002	-1.19888865e+000	
1.38182215e+002	-1.19951670e+000	
1.38337302e+002	-1.20012941e+000	
1.38492389e+002	-1.20074212e+000	
1.38647475e+002	-1.20046542e+000	
1.38802562e+002	-1.20002659e+000	
1.38957649e+002	-1.19958776e+000	
1.39112735e+002	-1.19872674e+000	
1.39267822e+002	-1.19748539e+000	
1.39422909e+002	-1.19510929e+000	
1.39577995e+002	-1.19281657e+000	
1.39733082e+002	-1.18923890e+000	
1.39888169e+002	-1.18251217e+000	
1.40043255e+002	-1.17112740e+000	
1.40198342e+002	-1.15463689e+000	
1.40353429e+002	-1.13814638e+000	
1.40508515e+002	-1.11723699e+000	
1.40663602e+002	-1.08826957e+000	
1.40818689e+002	-1.05930214e+000	
1.40973775e+002	-1.02625802e+000	
1.41128862e+002	-9.79662553e-001	
1.41283949e+002	-9.34437101e-001	
1.41439035e+002	-8.95046234e-001	
1.41594122e+002	-8.66603215e-001	
1.41749209e+002	-8.38160196e-001	
1.41904295e+002	-8.09717176e-001	
1.42059382e+002	-7.80071344e-001	
1.42214469e+002	-7.54884818e-001	
1.42369555e+002	-7.35781611e-001	
1.42524642e+002	-7.24855575e-001	
1.42679729e+002	-7.15233100e-001	
1.42834815e+002	-7.05610625e-001	
1.42989902e+002	-6.99001680e-001	
1.43144989e+002	-6.94912148e-001	
1.43300075e+002	-6.97551334e-001	
1.43455162e+002	-7.00908394e-001	
1.43610249e+002	-7.05497629e-001	
1.43765335e+002	-7.16806656e-001	
1.43920422e+002	-7.30283036e-001	
1.44075509e+002	-7.45981644e-001	
1.44230595e+002	-7.61680253e-001	
1.44385682e+002	-7.84245177e-001	
1.44540769e+002	-8.18459569e-001	
1.44695855e+002	-8.45402699e-001	
1.44850942e+002	-8.72970278e-001	
1.45006029e+002	-9.07626687e-001	
1.45161115e+002	-9.40327451e-001	
1.45316202e+002	-9.69271995e-001	
1.45471289e+002	-9.98726378e-001	
1.45626375e+002	-1.02415016e+000	
1.45781462e+002	-1.04642192e+000	
1.45936549e+002	-1.05421967e+000	
1.46091635e+002	-1.06201741e+000	
1.46246722e+002	-1.06981515e+000	
1.46401809e+002	-1.07562531e+000	
1.46556895e+002	-1.07979908e+000	
1.46711982e+002	-1.08104522e+000	
1.46867068e+002	-1.08272440e+000	
1.47022155e+002	-1.08414568e+000	
1.47177242e+002	-1.08392392e+000	
1.47332328e+002	-1.08390142e+000	
1.47487415e+002	-1.08421589e+000	
1.47642502e+002	-1.08517550e+000	
1.47797588e+002	-1.08528069e+000	
1.47952675e+002	-1.08456633e+000	
1.48107762e+002	-1.08455060e+000	
1.48262848e+002	-1.08404104e+000	
1.48417935e+002	-1.08269143e+000	
1.48573022e+002	-1.07821491e+000	
1.48728108e+002	-1.07399891e+000	
1.48883195e+002	-1.07233741e+000	
1.49038282e+002	-1.06376109e+000	
1.49193368e+002	-1.05324497e+000	
1.49348455e+002	-1.03675180e+000	
1.49503542e+002	-1.01567775e+000	
1.49658628e+002	-9.91100078e-001	
1.49813715e+002	-9.56623680e-001	
1.49968802e+002	-9.21726546e-001	
1.50123888e+002	-8.86330088e-001	
1.50278975e+002	-8.46388437e-001	
1.50434062e+002	-8.09002728e-001	
1.50589148e+002	-7.77756998e-001	
1.50744235e+002	-7.54515505e-001	
1.50899322e+002	-7.33625702e-001	
1.51054408e+002	-7.12735898e-001	
1.51209495e+002	-6.93525597e-001	
1.51364582e+002	-6.73116595e-001	
1.51519668e+002	-6.63006717e-001	
1.51674755e+002	-6.56352355e-001	
1.51829842e+002	-6.52798377e-001	
1.51984928e+002	-6.49244399e-001	
1.52140015e+002	-6.48532878e-001	
1.52295102e+002	-6.52011839e-001	
1.52450188e+002	-6.55490800e-001	
1.52605275e+002	-6.61476774e-001	
1.52760362e+002	-6.73869517e-001	
1.52915448e+002	-6.86262260e-001	
1.53070535e+002	-6.98006416e-001	
1.53225622e+002	-7.16655125e-001	
1.53380708e+002	-7.43818847e-001	
1.53535795e+002	-7.76540987e-001	
1.53690882e+002	-8.04018724e-001	
1.53845968e+002	-8.31496461e-001	
1.54001055e+002	-8.58974199e-001	
1.54156142e+002	-8.94588235e-001	
1.54311228e+002	-9.27183202e-001	
1.54466315e+002	-9.52755122e-001	
1.54621402e+002	-9.72682852e-001	
1.54776488e+002	-9.89508764e-001	
1.54931575e+002	-1.00092900e+000	
1.55086662e+002	-1.00623350e+000	
1.55241748e+002	-1.01010366e+000	
1.55396835e+002	-1.01397381e+000	
1.55551922e+002	-1.01677803e+000	
1.55707008e+002	-1.01868790e+000	
1.55862095e+002	-1.02059778e+000	
1.56017182e+002	-1.02206554e+000	
1.56172268e+002	-1.02292491e+000	
1.56327355e+002	-1.02378428e+000	
1.56482442e+002	-1.02450158e+000	
1.56637528e+002	-1.02488407e+000	
1.56792615e+002	-1.02526656e+000	
1.56947701e+002	-1.02591022e+000	
1.57102788e+002	-1.02619714e+000	
1.57257875e+002	-1.02522408e+000	
1.57412961e+002	-1.02342197e+000	
1.57568048e+002	-1.02097562e+000	
1.57723135e+002	-1.01852928e+000	
1.57878221e+002	-1.01608293e+000	
1.58033308e+002	-1.00728386e+000	
1.58188395e+002	-9.94448273e-001	
1.58343481e+002	-9.75504396e-001	
1.58498568e+002	-9.52229090e-001	
1.58653655e+002	-9.27912928e-001	
1.58808741e+002	-9.03596765e-001	
1.58963828e+002	-8.70951284e-001	
1.59118915e+002	-8.30320532e-001	
1.59274001e+002	-7.91534406e-001	
1.59429088e+002	-7.60523983e-001	
1.59584175e+002	-7.35612757e-001	
1.59739261e+002	-7.10701532e-001	
1.59894348e+002	-6.87783340e-001	
1.60049435e+002	-6.67427812e-001	
1.60204521e+002	-6.49658567e-001	
1.60359608e+002	-6.35911315e-001	
1.60514695e+002	-6.30129983e-001	
1.60669781e+002	-6.21229317e-001	
1.60824868e+002	-6.13711852e-001	
1.60979955e+002	-6.13169743e-001	
1.61135041e+002	-6.12627634e-001	
1.61290128e+002	-6.12627207e-001	
1.61445215e+002	-6.19963848e-001	
1.61600301e+002	-6.27300489e-001	
1.61755388e+002	-6.34637129e-001	
1.61910475e+002	-6.51364719e-001	
1.62065561e+002	-6.68984015e-001	
1.62220648e+002	-6.87170120e-001	
1.62375735e+002	-7.13797198e-001	
1.62530821e+002	-7.41368990e-001	
1.62685908e+002	-7.66478265e-001	
1.62840995e+002	-7.94311129e-001	
1.62996081e+002	-8.26173799e-001	
1.63151168e+002	-8.54764384e-001	
1.63306255e+002	-8.80285528e-001	
1.63461341e+002	-9.03534398e-001	
1.63616428e+002	-9.25345674e-001	
1.63771515e+002	-9.39284259e-001	
1.63926601e+002	-9.43761273e-001	
1.64081688e+002	-9.48238286e-001	
1.64236775e+002	-9.52746302e-001	
1.64391861e+002	-9.57317030e-001	
1.64546948e+002	-9.59538778e-001	
1.64702035e+002	-9.60476094e-001	
1.64857121e+002	-9.60409829e-001	
1.65012208e+002	-9.61615598e-001	
1.65167295e+002	-9.63282606e-001	
1.65322381e+002	-9.62453174e-001	
1.65477468e+002	-9.62550432e-001	
1.65632555e+002	-9.63489630e-001	
1.65787641e+002	-9.63438588e-001	
1.65942728e+002	-9.63348955e-001	
1.66097815e+002	-9.63259322e-001	
1.66252901e+002	-9.62641543e-001	
1.66407988e+002	-9.61249161e-001	
1.66563075e+002	-9.58108162e-001	
1.66718161e+002	-9.53968025e-001	
1.66873248e+002	-9.48292834e-001	
1.67028334e+002	-9.42617643e-001	
1.67183421e+002	-9.32574036e-001	
1.67338508e+002	-9.19025916e-001	
1.67493594e+002	-8.90030259e-001	
1.67648681e+002	-8.61531884e-001	
1.67803768e+002	-8.33592505e-001	
1.67958854e+002	-8.05653126e-001	
1.68113941e+002	-7.73195778e-001	
1.68269028e+002	-7.32271116e-001	
1.68424114e+002	-7.01685940e-001	
1.68579201e+002	-6.76858611e-001	
1.68734288e+002	-6.50895037e-001	
1.68889374e+002	-6.30297835e-001	
1.69044461e+002	-6.12928002e-001	
1.69199548e+002	-6.00010453e-001	
1.69354634e+002	-5.88288076e-001	
1.69509721e+002	-5.77581251e-001	
1.69664808e+002	-5.73176276e-001	
1.69819894e+002	-5.68905396e-001	
1.69974981e+002	-5.64634516e-001	
1.70130068e+002	-5.64737189e-001	
1.70285154e+002	-5.68021508e-001	
1.70440241e+002	-5.77160614e-001	
1.70595328e+002	-5.82950249e-001	
1.70750414e+002	-5.89684196e-001	
1.70905501e+002	-6.02440362e-001	
1.71060588e+002	-6.19624111e-001	
1.71215674e+002	-6.39633632e-001	
1.71370761e+002	-6.59643152e-001	
1.71525848e+002	-6.84661019e-001	
1.71680934e+002	-7.14943984e-001	
1.71836021e+002	-7.42573016e-001	
1.71991108e+002	-7.69963587e-001	
1.72146194e+002	-7.97308160e-001	
1.72301281e+002	-8.18429515e-001	
1.72456368e+002	-8.34528440e-001	
1.72611454e+002	-8.46515053e-001	
1.72766541e+002	-8.56489222e-001	
1.72921628e+002	-8.64909282e-001	
1.73076714e+002	-8.68817290e-001	
1.73231801e+002	-8.71422901e-001	
1.73386888e+002	-8.72993916e-001	
1.73541974e+002	-8.74294818e-001	
1.73697061e+002	-8.75363929e-001	
1.73852148e+002	-8.76132686e-001	
1.74007234e+002	-8.76220828e-001	
1.74162321e+002	-8.76209890e-001	
1.74317408e+002	-8.76198952e-001	
1.74472494e+002	-8.76185019e-001	
1.74627581e+002	-8.76145411e-001	
1.74782668e+002	-8.76105803e-001	
1.74937754e+002	-8.76048146e-001	
1.75092841e+002	-8.75899231e-001	
1.75247928e+002	-8.74603900e-001	
1.75403014e+002	-8.72743055e-001	
1.75558101e+002	-8.70325995e-001	
1.75713188e+002	-8.63624192e-001	
1.75868274e+002	-8.59046311e-001	
1.76023361e+002	-8.58338110e-001	
1.76178448e+002	-8.40470287e-001	
1.76333534e+002	-8.21592458e-001	
1.76488621e+002	-8.03216932e-001	
1.76643708e+002	-7.75672944e-001	
1.76798794e+002	-7.44324422e-001	
1.76953881e+002	-7.14148088e-001	
1.77108968e+002	-6.81269252e-001	
1.77264054e+002	-6.46575316e-001	
1.77419141e+002	-6.26966063e-001	
1.77574227e+002	-6.07356810e-001	
1.77729314e+002	-5.87747557e-001	
1.77884401e+002	-5.64553200e-001	
1.78039487e+002	-5.44644508e-001	
1.78194574e+002	-5.32374673e-001	
1.78349661e+002	-5.23292753e-001	
1.78504747e+002	-5.14349864e-001	
1.78659834e+002	-5.08391515e-001	
1.78814921e+002	-5.04891863e-001	
1.78970007e+002	-5.02985960e-001	
1.79125094e+002	-5.03680312e-001	
1.79280181e+002	-5.05642702e-001	
1.79435267e+002	-5.08771700e-001	
1.79590354e+002	-5.19725339e-001	
1.79745441e+002	-5.30934769e-001	
1.79900527e+002	-5.42029838e-001	
1.80055614e+002	-5.53124907e-001	
1.80210701e+002	-5.66813524e-001	
1.80365787e+002	-5.93156426e-001	
1.80520874e+002	-6.13817791e-001	
1.80675961e+002	-6.33527353e-001	
1.80831047e+002	-6.60646551e-001	
1.80986134e+002	-6.85394245e-001	
1.81141221e+002	-7.08301753e-001	
1.81296307e+002	-7.24677136e-001	
1.81451394e+002	-7.38353175e-001	
1.81606481e+002	-7.48957089e-001	
1.81761567e+002	-7.53676519e-001	
1.81916654e+002	-7.57908798e-001	
1.82071741e+002	-7.62372027e-001	
1.82226827e+002	-7.64045404e-001	
1.82381914e+002	-7.65423384e-001	
1.82537001e+002	-7.66077855e-001	
1.82692087e+002	-7.66498817e-001	
1.82847174e+002	-7.66807985e-001	
1.83002261e+002	-7.67192508e-001	
1.83157347e+002	-7.67225210e-001	
1.83312434e+002	-7.66955192e-001	
1.83467521e+002	-7.67242080e-001	
1.83622607e+002	-7.67337229e-001	
1.83777694e+002	-7.67142309e-001	
1.83932781e+002	-7.66908366e-001	
1.84087867e+002	-7.66766334e-001	
1.84242954e+002	-7.65931773e-001	
1.84398041e+002	-7.63185956e-001	
1.84553127e+002	-7.59613101e-001	
1.84708214e+002	-7.55444626e-001	
1.84863301e+002	-7.51276151e-001	
1.85018387e+002	-7.46686967e-001	
1.85173474e+002	-7.33339124e-001	
1.85328561e+002	-7.16532057e-001	
1.85483647e+002	-6.96042550e-001	
1.85638734e+002	-6.71788064e-001	
1.85793821e+002	-6.45160537e-001	
1.85948907e+002	-6.14896519e-001	
1.86103994e+002	-5.91231379e-001	
1.86259081e+002	-5.65563448e-001	
1.86414167e+002	-5.37503188e-001	
1.86569254e+002	-5.17849907e-001	
1.86724341e+002	-5.02206160e-001	
1.86879427e+002	-4.86562412e-001	
1.87034514e+002	-4.72084790e-001	
1.87189601e+002	-4.58545371e-001	
1.87344687e+002	-4.49312511e-001	
1.87499774e+002	-4.41317471e-001	
1.87654860e+002	-4.34913170e-001	
1.87809947e+002	-4.35627061e-001	
1.87965034e+002	-4.36214803e-001	
1.88120120e+002	-4.33653780e-001	
1.88275207e+002	-4.34757269e-001	
1.88430294e+002	-4.37709186e-001	
1.88585380e+002	-4.43325526e-001	
1.88740467e+002	-4.52505088e-001	
1.88895554e+002	-4.63897708e-001	
1.89050640e+002	-4.76274584e-001	
1.89205727e+002	-4.91107012e-001	
1.89360814e+002	-5.08384794e-001	
1.89515900e+002	-5.31042450e-001	
1.89670987e+002	-5.51510178e-001	
1.89826074e+002	-5.67807317e-001	
1.89981160e+002	-5.86192546e-001	
1.90136247e+002	-6.04859541e-001	
1.90291334e+002	-6.17108255e-001	
1.90446420e+002	-6.27501080e-001	
1.90601507e+002	-6.36295136e-001	
1.90756594e+002	-6.39976308e-001	
1.90911680e+002	-6.42536291e-001	
1.91066767e+002	-6.44253368e-001	
1.91221854e+002	-6.45970445e-001	
1.91376940e+002	-6.47561320e-001	
1.91532027e+002	-6.48996697e-001	
1.91687114e+002	-6.48995669e-001	
1.91842200e+002	-6.48844140e-001	
1.91997287e+002	-6.49072274e-001	
1.92152374e+002	-6.48899693e-001	
1.92307460e+002	-6.48708899e-001	
1.92462547e+002	-6.48936164e-001	
1.92617634e+002	-6.49163429e-001	
1.92772720e+002	-6.49259112e-001	
1.92927807e+002	-6.47824117e-001	
1.93082894e+002	-6.46868710e-001	
1.93237980e+002	-6.46360081e-001	
1.93393067e+002	-6.45598588e-001	
1.93548154e+002	-6.43572035e-001	
1.93703240e+002	-6.39623870e-001	
1.93858327e+002	-6.35101702e-001	
1.94013414e+002	-6.27290625e-001	
1.94168500e+002	-6.13507706e-001	
1.94323587e+002	-5.99408427e-001	
1.94478674e+002	-5.83233419e-001	
1.94633760e+002	-5.55936215e-001	
1.94788847e+002	-5.33393826e-001	
1.94943934e+002	-5.14190073e-001	
1.95099020e+002	-4.94986319e-001	
1.95254107e+002	-4.71764520e-001	
1.95409194e+002	-4.43912134e-001	
1.95564280e+002	-4.27953171e-001	
1.95719367e+002	-4.14975809e-001	
1.95874454e+002	-4.00858862e-001	
1.96029540e+002	-3.89619064e-001	
1.96184627e+002	-3.80318873e-001	
1.96339714e+002	-3.75051259e-001	
1.96494800e+002	-3.69163248e-001	
1.96649887e+002	-3.63299568e-001	
1.96804974e+002	-3.60717369e-001	
1.96960060e+002	-3.59232002e-001	
1.97115147e+002	-3.58702349e-001	
1.97270234e+002	-3.60267036e-001	
1.97425320e+002	-3.64121119e-001	
1.97580407e+002	-3.71166489e-001	
1.97735493e+002	-3.76907194e-001	
1.97890580e+002	-3.84134491e-001	
1.98045667e+002	-3.93898037e-001	
1.98200753e+002	-4.05956159e-001	
1.98355840e+002	-4.19646240e-001	
1.98510927e+002	-4.37218377e-001	
1.98666013e+002	-4.54970227e-001	
1.98821100e+002	-4.72658447e-001	
1.98976187e+002	-4.86282669e-001	
1.99131273e+002	-4.97759189e-001	
1.99286360e+002	-5.06920597e-001	
1.99441447e+002	-5.13017840e-001	
1.99596533e+002	-5.17861036e-001	
1.99751620e+002	-5.22649204e-001	
1.99906707e+002	-5.25070415e-001	
2.00061793e+002	-5.26607689e-001	
2.00216880e+002	-5.27233611e-001	
2.00371967e+002	-5.27859532e-001	
2.00527053e+002	-5.28463955e-001	
2.00682140e+002	-5.28898867e-001	
2.00837227e+002	-5.28925397e-001	
2.00992313e+002	-5.28619209e-001	
2.01147400e+002	-5.28689529e-001	
2.01302487e+002	-5.28735452e-001	
2.01457573e+002	-5.28743504e-001	
2.01612660e+002	-5.28661298e-001	
2.01767747e+002	-5.28489647e-001	
2.01922833e+002	-5.28317997e-001	
2.02077920e+002	-5.27794557e-001	
2.02233007e+002	-5.26903205e-001	
2.02388093e+002	-5.24905223e-001	
2.02543180e+002	-5.22282144e-001	
2.02698267e+002	-5.19277250e-001	
2.02853353e+002	-5.16272356e-001	
2.03008440e+002	-5.08927881e-001	
2.03163527e+002	-4.97207437e-001	
2.03318613e+002	-4.83969097e-001	
2.03473700e+002	-4.69615449e-001	
2.03628787e+002	-4.49742776e-001	
2.03783873e+002	-4.29007499e-001	
2.03938960e+002	-4.09354209e-001	
2.04094047e+002	-3.93497867e-001	
2.04249133e+002	-3.77641524e-001	
2.04404220e+002	-3.61339601e-001	
2.04559307e+002	-3.42033732e-001	
2.04714393e+002	-3.28745818e-001	
2.04869480e+002	-3.20031953e-001	
2.05024567e+002	-3.09979896e-001	
2.05179653e+002	-3.01829637e-001	
2.05334740e+002	-2.96053269e-001	
2.05489827e+002	-2.93118323e-001	
2.05644913e+002	-2.89465497e-001	
2.05800000e+002	-2.85013410e-001	
2.05955087e+002	-2.83920876e-001	
2.06110173e+002	-2.84032461e-001	
2.06265260e+002	-2.84730480e-001	
2.06420347e+002	-2.87238544e-001	
2.06575433e+002	-2.90949731e-001	
2.06730520e+002	-2.96773668e-001	
2.06885607e+002	-3.03725408e-001	
2.07040693e+002	-3.11741018e-001	
2.07195780e+002	-3.21790350e-001	
2.07350867e+002	-3.31606571e-001	
2.07505953e+002	-3.43138269e-001	
2.07661040e+002	-3.57447728e-001	
2.07816126e+002	-3.70459838e-001	
2.07971213e+002	-3.78396225e-001	
2.08126300e+002	-3.86332611e-001	
2.08281386e+002	-3.93868514e-001	
2.08436473e+002	-3.99058893e-001	
2.08591560e+002	-4.02624564e-001	
2.08746646e+002	-4.05008167e-001	
2.08901733e+002	-4.06260151e-001	
2.09056820e+002	-4.07153168e-001	
2.09211906e+002	-4.07627275e-001	
2.09366993e+002	-4.07778439e-001	
2.09522080e+002	-4.08064511e-001	
2.09677166e+002	-4.08350584e-001	
2.09832253e+002	-4.08401577e-001	
2.09987340e+002	-4.08432835e-001	
2.10142426e+002	-4.08637599e-001	
2.10297513e+002	-4.08650252e-001	
2.10452600e+002	-4.08570272e-001	
2.10607686e+002	-4.08577681e-001	
2.10762773e+002	-4.08337910e-001	
2.10917860e+002	-4.07880028e-001	
2.11072946e+002	-4.07419961e-001	
2.11228033e+002	-4.06735137e-001	
2.11383120e+002	-4.05316239e-001	
2.11538206e+002	-4.03897342e-001	
2.11693293e+002	-4.01612564e-001	
2.11848380e+002	-3.97159890e-001	
2.12003466e+002	-3.90223613e-001	
2.12158553e+002	-3.81627888e-001	
2.12313640e+002	-3.69360351e-001	
2.12468726e+002	-3.56405077e-001	
2.12623813e+002	-3.42713326e-001	
2.12778900e+002	-3.22229079e-001	
2.12933986e+002	-3.02175574e-001	
2.13089073e+002	-2.82592290e-001	
2.13244160e+002	-2.61837741e-001	
2.13399246e+002	-2.39912860e-001	
2.13554333e+002	-2.16490740e-001	
2.13709420e+002	-2.01753883e-001	
2.13864506e+002	-1.89273813e-001	
2.14019593e+002	-1.76793743e-001	
2.14174680e+002	-1.62655350e-001	
2.14329766e+002	-1.48464739e-001	
2.14484853e+002	-1.40474694e-001	
2.14639940e+002	-1.33661410e-001	
2.14795026e+002	-1.27819063e-001	
2.14950113e+002	-1.22520755e-001	
2.15105200e+002	-1.17786546e-001	
2.15260286e+002	-1.14600730e-001	
2.15415373e+002	-1.12729263e-001	
2.15570460e+002	-1.11472297e-001	
2.15725546e+002	-1.11155196e-001	
2.15880633e+002	-1.11844000e-001	
2.16035720e+002	-1.13233972e-001	
2.16190806e+002	-1.16222391e-001	
2.16345893e+002	-1.19434677e-001	
2.16500980e+002	-1.22971138e-001	
2.16656066e+002	-1.29622672e-001	
2.16811153e+002	-1.35135338e-001	
2.16966240e+002	-1.39485115e-001	
2.17121326e+002	-1.45205254e-001	
2.17276413e+002	-1.51010989e-001	
2.17431500e+002	-1.56816723e-001	
2.17586586e+002	-1.63595187e-001	
2.17741673e+002	-1.70043183e-001	
2.17896759e+002	-1.74807726e-001	
2.18051846e+002	-1.79391474e-001	
2.18206933e+002	-1.83656513e-001	
2.18362019e+002	-1.86281425e-001	
2.18517106e+002	-1.88475528e-001	
2.18672193e+002	-1.90333594e-001	
2.18827279e+002	-1.90982459e-001	
2.18982366e+002	-1.91593410e-001	
2.19137453e+002	-1.91867068e-001	
2.19292539e+002	-1.92140726e-001	
2.19447626e+002	-1.92334259e-001	
2.19602713e+002	-1.92356532e-001	
2.19757799e+002	-1.92238343e-001	
2.19912886e+002	-1.92069095e-001	
2.20067973e+002	-1.91875032e-001	
2.20223059e+002	-1.91195258e-001	
2.20378146e+002	-1.90193521e-001	
2.20533233e+002	-1.88657385e-001	
2.20688319e+002	-1.87121249e-001	
2.20843406e+002	-1.85585113e-001	
2.20998493e+002	-1.82633104e-001	
2.21153579e+002	-1.76910841e-001	
2.21308666e+002	-1.67599979e-001	
2.21463753e+002	-1.60466439e-001	
2.21618839e+002	-1.53788141e-001	
2.21773926e+002	-1.47109844e-001	
2.21929013e+002	-1.38138998e-001	
2.22084099e+002	-1.28684759e-001	
2.22239186e+002	-1.22112034e-001	
2.22394273e+002	-1.15868952e-001	
2.22549359e+002	-1.09844894e-001	
2.22704446e+002	-1.02906744e-001	
2.22859533e+002	-9.79522603e-002	
2.23014619e+002	-9.41730246e-002	
2.23169706e+002	-9.03937889e-002	
2.23324793e+002	-8.64265095e-002	
2.23479879e+002	-8.20866545e-002	
2.23634966e+002	-7.91891960e-002	
2.23790053e+002	-7.67664394e-002	
2.23945139e+002	-7.45417096e-002	
2.24100226e+002	-7.23251570e-002	
2.24255313e+002	-7.02262391e-002	
2.24410399e+002	-6.92783314e-002	
2.24565486e+002	-6.83304238e-002	
2.24720573e+002	-6.73825162e-002	
2.24875659e+002	-6.67087423e-002	
2.25030746e+002	-6.64180788e-002	
2.25185833e+002	-6.68153157e-002	
2.25340919e+002	-6.73244256e-002	
2.25496006e+002	-6.78542502e-002	
2.25651093e+002	-6.83840749e-002	
2.25806179e+002	-6.93917880e-002	
2.25961266e+002	-7.04881607e-002	
2.26116353e+002	-7.10760273e-002	
2.26271439e+002	-7.14904620e-002	
2.26426526e+002	-7.17882702e-002	
2.26581613e+002	-7.20860784e-002	
2.26736699e+002	-7.22554760e-002	
2.26891786e+002	-7.23284440e-002	
2.27046873e+002	-7.24014120e-002	
2.27201959e+002	-7.24549663e-002	
2.27357046e+002	-7.24727965e-002	
2.27512133e+002	-7.24892396e-002	
2.27667219e+002	-7.24999443e-002	
2.27822306e+002	-7.24925827e-002	
2.27977392e+002	-7.25165348e-002	
2.28132479e+002	-7.25447887e-002	
2.28287566e+002	-7.24781429e-002	
2.28442652e+002	-7.24518123e-002	
2.28597739e+002	-7.24591666e-002	
2.28752826e+002	-7.24585987e-002	
2.28907912e+002	-7.23850159e-002	
2.29062999e+002	-7.22375350e-002	
2.29218086e+002	-7.20676598e-002	
2.29373172e+002	-7.18037931e-002	
2.29528259e+002	-7.13280369e-002	
2.29683346e+002	-7.05057431e-002	
2.29838432e+002	-6.95601000e-002	
2.29993519e+002	-6.86144570e-002	
2.30148606e+002	-6.68744864e-002	
2.30303692e+002	-6.46224205e-002	
2.30458779e+002	-6.21217685e-002	
2.30613866e+002	-5.99147748e-002	
2.30768952e+002	-5.76061648e-002	
2.30924039e+002	-5.52489999e-002	
2.31079126e+002	-5.29353697e-002	
2.31234212e+002	-5.07024945e-002	
2.31389299e+002	-4.93661390e-002	
2.31544386e+002	-4.82255477e-002	
2.31699472e+002	-4.70289734e-002	
2.31854559e+002	-4.60575413e-002	
2.32009646e+002	-4.52635504e-002	
2.32164732e+002	-4.49947747e-002	
2.32319819e+002	-4.47965995e-002	
2.32474906e+002	-4.46535686e-002	
