% Column 0: Length, mm
% Column 1: B.n, Tesla
0.00000000e+000	-4.51120037e-001	
1.55086662e-001	-4.52884164e-001	
3.10173323e-001	-4.55932191e-001	
4.65259985e-001	-4.60623968e-001	
6.20346646e-001	-4.66895093e-001	
7.75433308e-001	-4.74787192e-001	
9.30519969e-001	-4.85714114e-001	
1.08560663e+000	-4.99710262e-001	
1.24069329e+000	-5.15630360e-001	
1.39577995e+000	-5.35418936e-001	
1.55086662e+000	-5.57341960e-001	
1.70595328e+000	-5.80738178e-001	
1.86103994e+000	-6.07151225e-001	
2.01612660e+000	-6.30459015e-001	
2.17121326e+000	-6.54907369e-001	
2.32629992e+000	-6.73574127e-001	
2.48138658e+000	-6.90774057e-001	
2.63647325e+000	-7.06152223e-001	
2.79155991e+000	-7.15894837e-001	
2.94664657e+000	-7.22962967e-001	
3.10173323e+000	-7.25900018e-001	
3.25681989e+000	-7.28837069e-001	
3.41190655e+000	-7.31580480e-001	
3.56699322e+000	-7.33130459e-001	
3.72207988e+000	-7.33871959e-001	
3.87716654e+000	-7.33861840e-001	
4.03225320e+000	-7.33948842e-001	
4.18733986e+000	-7.34035844e-001	
4.34242652e+000	-7.34122846e-001	
4.49751319e+000	-7.34577520e-001	
4.65259985e+000	-7.34874186e-001	
4.80768651e+000	-7.34765507e-001	
4.96277317e+000	-7.34601904e-001	
5.11785983e+000	-7.34217582e-001	
5.27294649e+000	-7.33061428e-001	
5.42803315e+000	-7.32557762e-001	
5.58311982e+000	-7.32007015e-001	
5.73820648e+000	-7.27212427e-001	
5.89329314e+000	-7.22222512e-001	
6.04837980e+000	-7.15843996e-001	
6.20346646e+000	-7.09465479e-001	
6.35855312e+000	-6.99448741e-001	
6.51363979e+000	-6.84021783e-001	
6.66872645e+000	-6.68594826e-001	
6.82381311e+000	-6.49401005e-001	
6.97889977e+000	-6.20481064e-001	
7.13398643e+000	-5.92195816e-001	
7.28907309e+000	-5.65876788e-001	
7.44415975e+000	-5.48827436e-001	
7.59924642e+000	-5.31778083e-001	
7.75433308e+000	-5.16247459e-001	
7.90941974e+000	-4.97168399e-001	
8.06450640e+000	-4.81555205e-001	
8.21959306e+000	-4.69821016e-001	
8.37467972e+000	-4.64454194e-001	
8.52976639e+000	-4.59713916e-001	
8.68485305e+000	-4.54973637e-001	
8.83993971e+000	-4.51908330e-001	
8.99502637e+000	-4.50377896e-001	
9.15011303e+000	-4.52555278e-001	
9.30519969e+000	-4.57464136e-001	
9.46028636e+000	-4.63751567e-001	
9.61537302e+000	-4.70038999e-001	
9.77045968e+000	-4.77218577e-001	
9.92554634e+000	-4.86963870e-001	
1.00806330e+001	-5.07294596e-001	
1.02357197e+001	-5.28024542e-001	
1.03908063e+001	-5.49011888e-001	
1.05458930e+001	-5.69999235e-001	
1.07009796e+001	-5.91535051e-001	
1.08560663e+001	-6.14375844e-001	
1.10111530e+001	-6.37216637e-001	
1.11662396e+001	-6.59755718e-001	
1.13213263e+001	-6.80851488e-001	
1.14764130e+001	-6.99415796e-001	
1.16314996e+001	-7.14448605e-001	
1.17865863e+001	-7.18540255e-001	
1.19416729e+001	-7.22631904e-001	
1.20967596e+001	-7.26723554e-001	
1.22518463e+001	-7.29177937e-001	
1.24069329e+001	-7.31503604e-001	
1.25620196e+001	-7.33829272e-001	
1.27171062e+001	-7.34493569e-001	
1.28721929e+001	-7.34493418e-001	
1.30272796e+001	-7.33682357e-001	
1.31823662e+001	-7.32977868e-001	
1.33374529e+001	-7.32126142e-001	
1.34925396e+001	-7.29826192e-001	
1.36476262e+001	-7.25986244e-001	
1.38027129e+001	-7.22473764e-001	
1.39577995e+001	-7.11977898e-001	
1.41128862e+001	-6.98573804e-001	
1.42679729e+001	-6.81427142e-001	
1.44230595e+001	-6.59181570e-001	
1.45781462e+001	-6.32577344e-001	
1.47332328e+001	-5.98001725e-001	
1.48883195e+001	-5.60498184e-001	
1.50434062e+001	-5.23529118e-001	
1.51984928e+001	-4.92993591e-001	
1.53535795e+001	-4.52744295e-001	
1.55086662e+001	-4.05321784e-001	
1.56637528e+001	-3.76322912e-001	
1.58188395e+001	-3.47324040e-001	
1.59739261e+001	-3.18325168e-001	
1.61290128e+001	-2.82630538e-001	
1.62840995e+001	-2.51563977e-001	
1.64391861e+001	-2.28620179e-001	
1.65942728e+001	-2.07747315e-001	
1.67493594e+001	-1.87381458e-001	
1.69044461e+001	-1.67172662e-001	
1.70595328e+001	-1.51813185e-001	
1.72146194e+001	-1.38552673e-001	
1.73697061e+001	-1.25292160e-001	
1.75247928e+001	-1.09354845e-001	
1.76798794e+001	-9.47329661e-002	
1.78349661e+001	-8.39835599e-002	
1.79900527e+001	-7.32596881e-002	
1.81451394e+001	-6.25667633e-002	
1.83002261e+001	-5.20502879e-002	
1.84553127e+001	-4.24922530e-002	
1.86103994e+001	-3.48433454e-002	
1.87654860e+001	-2.71944377e-002	
1.89205727e+001	-1.95260086e-002	
1.90756594e+001	-1.17824131e-002	
1.92307460e+001	-4.37717386e-003	
1.93858327e+001	3.50077340e-003	
1.95409194e+001	3.45976466e-003	
1.96960060e+001	4.04905728e-003	
1.98510927e+001	5.21581512e-003	
2.00061793e+001	4.88522735e-003	
2.01612660e+001	4.22401522e-003	
2.03163527e+001	3.15766729e-003	
2.04714393e+001	2.30633380e-003	
2.06265260e+001	1.55259668e-003	
2.07816126e+001	9.45409536e-004	
2.09366993e+001	6.47599488e-004	
2.10917860e+001	4.75519867e-004	
2.12468726e+001	3.15512281e-004	
2.14019593e+001	2.84578765e-004	
2.15570460e+001	1.47814322e-004	
2.17121326e+001	1.58447416e-004	
2.18672193e+001	1.42170107e-004	
2.20223059e+001	9.53923518e-005	
2.21773926e+001	6.35192830e-005	
2.23324793e+001	4.62332447e-005	
2.24875659e+001	5.36585283e-005	
2.26426526e+001	6.10838120e-005	
2.27977392e+001	6.59595210e-005	
2.29528259e+001	6.19448800e-005	
2.31079126e+001	6.67934227e-005	
2.32629992e+001	8.13608702e-005	
2.34180859e+001	8.45141418e-005	
2.35731726e+001	8.76674133e-005	
2.37282592e+001	9.08206849e-005	
2.38833459e+001	8.69240699e-005	
2.40384325e+001	8.57922316e-005	
2.41935192e+001	8.87800895e-005	
2.43486059e+001	8.97619911e-005	
2.45036925e+001	8.93684650e-005	
2.46587792e+001	8.64790664e-005	
2.48138658e+001	8.22146755e-005	
2.49689525e+001	7.73358728e-005	
2.51240392e+001	7.19236619e-005	
2.52791258e+001	6.74136611e-005	
2.54342125e+001	6.06469684e-005	
2.55892992e+001	5.36572433e-005	
2.57443858e+001	4.78181840e-005	
2.58994725e+001	4.31989276e-005	
2.60545591e+001	3.85796711e-005	
2.62096458e+001	3.37095503e-005	
2.63647325e+001	2.83982772e-005	
2.65198191e+001	2.29664598e-005	
2.66749058e+001	1.78604358e-005	
2.68299924e+001	1.38835748e-005	
2.69850791e+001	9.90671381e-006	
2.71401658e+001	7.29612923e-006	
2.72952524e+001	2.76312807e-006	
2.74503391e+001	-1.91812441e-006	
2.76054258e+001	-6.71814000e-006	
2.77605124e+001	-1.07055700e-005	
2.79155991e+001	-1.49748961e-005	
2.80706857e+001	-1.96211269e-005	
2.82257724e+001	-2.45284455e-005	
2.83808591e+001	-2.93909313e-005	
2.85359457e+001	-3.40668904e-005	
2.86910324e+001	-3.71644709e-005	
2.88461190e+001	-3.98052748e-005	
2.90012057e+001	-4.27742341e-005	
2.91562924e+001	-4.41008652e-005	
2.93113790e+001	-4.58508499e-005	
2.94664657e+001	-4.31688700e-005	
2.96215524e+001	-4.07801744e-005	
2.97766390e+001	-3.86823581e-005	
2.99317257e+001	-3.65845418e-005	
3.00868123e+001	-3.36975891e-005	
3.02418990e+001	-2.95185566e-005	
3.03969857e+001	-2.59877810e-005	
3.05520723e+001	-2.23475192e-005	
3.07071590e+001	-1.79700191e-005	
3.08622457e+001	-1.34494206e-005	
3.10173323e+001	-8.51708065e-006	
3.11724190e+001	-5.12055553e-006	
3.13275056e+001	-1.72403041e-006	
3.14825923e+001	1.67818105e-006	
3.16376790e+001	5.61950943e-006	
3.17927656e+001	9.56083780e-006	
3.19478523e+001	1.35021662e-005	
3.21029389e+001	1.73492661e-005	
3.22580256e+001	2.12131461e-005	
3.24131123e+001	2.51363881e-005	
3.25681989e+001	2.85460363e-005	
3.27232856e+001	3.17816381e-005	
3.28783723e+001	3.49548332e-005	
3.30334589e+001	3.78785055e-005	
3.31885456e+001	3.94588415e-005	
3.33436322e+001	3.94622235e-005	
3.34987189e+001	3.95254480e-005	
3.36538056e+001	3.96441891e-005	
3.38088922e+001	3.68155688e-005	
3.39639789e+001	3.41210447e-005	
3.41190655e+001	3.18319053e-005	
3.42741522e+001	2.83483602e-005	
3.44292389e+001	2.48412382e-005	
3.45843255e+001	2.19029267e-005	
3.47394122e+001	1.90530042e-005	
3.48944989e+001	1.73490004e-005	
3.50495855e+001	1.41798354e-005	
3.52046722e+001	1.11979801e-005	
3.53597588e+001	8.35759203e-006	
3.55148455e+001	5.89500199e-006	
3.56699322e+001	3.26259679e-006	
3.58250188e+001	4.35303604e-007	
3.59801055e+001	-2.09875732e-006	
3.61351921e+001	-4.90177574e-006	
3.62902788e+001	-8.28024783e-006	
3.64453655e+001	-1.11397095e-005	
3.66004521e+001	-1.38538501e-005	
3.67555388e+001	-1.65679906e-005	
3.69106255e+001	-1.84054050e-005	
3.70657121e+001	-2.15235516e-005	
3.72207988e+001	-2.46416982e-005	
3.73758854e+001	-2.78272989e-005	
3.75309721e+001	-3.10714136e-005	
3.76860588e+001	-3.33100502e-005	
3.78411454e+001	-3.56354150e-005	
3.79962321e+001	-3.81226039e-005	
3.81513187e+001	-3.75428877e-005	
3.83064054e+001	-3.67435494e-005	
3.84614921e+001	-3.67223456e-005	
3.86165787e+001	-3.46338635e-005	
3.87716654e+001	-3.11014546e-005	
3.89267521e+001	-2.79384410e-005	
3.90818387e+001	-2.45383690e-005	
3.92369254e+001	-2.10055628e-005	
3.93920120e+001	-1.79513804e-005	
3.95470987e+001	-1.48971980e-005	
3.97021854e+001	-1.18430156e-005	
3.98572720e+001	-8.01347611e-006	
4.00123587e+001	-4.18193399e-006	
4.01674453e+001	-4.65636068e-007	
4.03225320e+001	3.10983562e-006	
4.04776187e+001	6.60246199e-006	
4.06327053e+001	9.94275947e-006	
4.07877920e+001	1.37270703e-005	
4.09428787e+001	1.71381327e-005	
4.10979653e+001	2.12277521e-005	
4.12530520e+001	2.43139716e-005	
4.14081386e+001	2.65861060e-005	
4.15632253e+001	3.04706523e-005	
4.17183120e+001	3.32742887e-005	
4.18733986e+001	3.46198893e-005	
4.20284853e+001	3.64992355e-005	
4.21835719e+001	3.81712193e-005	
4.23386586e+001	3.91891044e-005	
4.24937453e+001	3.84322394e-005	
4.26488319e+001	3.77065665e-005	
4.28039186e+001	3.49037167e-005	
4.29590053e+001	3.25059392e-005	
4.31140919e+001	3.02820786e-005	
4.32691786e+001	2.69327633e-005	
4.34242652e+001	2.36252698e-005	
4.35793519e+001	2.03597772e-005	
4.37344386e+001	1.75311569e-005	
4.38895252e+001	1.46114685e-005	
4.40446119e+001	1.14923506e-005	
4.41996985e+001	8.89081307e-006	
4.43547852e+001	6.40708454e-006	
4.45098719e+001	3.92335602e-006	
4.46649585e+001	2.55965587e-006	
4.48200452e+001	1.61508347e-007	
4.49751319e+001	-2.23663917e-006	
4.51302185e+001	-5.20313009e-006	
4.52853052e+001	-8.59504997e-006	
4.54403918e+001	-1.12372035e-005	
4.55954785e+001	-1.38491648e-005	
4.57505652e+001	-1.64235786e-005	
4.59056518e+001	-1.89979925e-005	
4.60607385e+001	-2.20491969e-005	
4.62158251e+001	-2.61001107e-005	
4.63709118e+001	-2.91936521e-005	
4.65259985e+001	-3.08647021e-005	
4.66810851e+001	-3.28376783e-005	
4.68361718e+001	-3.48106545e-005	
4.69912585e+001	-3.65926800e-005	
4.71463451e+001	-3.60883700e-005	
4.73014318e+001	-3.55840600e-005	
4.74565184e+001	-3.50797499e-005	
4.76116051e+001	-3.27936382e-005	
4.77666918e+001	-3.04219531e-005	
4.79217784e+001	-2.80502680e-005	
4.80768651e+001	-2.48410312e-005	
4.82319517e+001	-2.15893586e-005	
4.83870384e+001	-1.86830080e-005	
4.85421251e+001	-1.50813201e-005	
4.86972117e+001	-1.18336317e-005	
4.88522984e+001	-8.72585881e-006	
4.90073851e+001	-5.42381435e-006	
4.91624717e+001	-1.98176170e-006	
4.93175584e+001	1.55918319e-006	
4.94726450e+001	4.67529234e-006	
4.96277317e+001	7.29767359e-006	
4.97828184e+001	9.92005483e-006	
4.99379050e+001	1.30963150e-005	
5.00929917e+001	1.73497315e-005	
5.02480783e+001	2.04733959e-005	
5.04031650e+001	2.36528253e-005	
5.05582517e+001	2.59444149e-005	
5.07133383e+001	2.82360045e-005	
5.08684250e+001	3.04505588e-005	
5.10235117e+001	3.19202796e-005	
5.11785983e+001	3.23996182e-005	
5.13336850e+001	3.20087357e-005	
5.14887716e+001	3.16561487e-005	
5.16438583e+001	3.05098709e-005	
5.17989450e+001	2.82168528e-005	
5.19540316e+001	2.54666511e-005	
5.21091183e+001	2.25415387e-005	
5.22642049e+001	1.93849775e-005	
5.24192916e+001	1.77615195e-005	
5.25743783e+001	1.51940962e-005	
5.27294649e+001	1.17042630e-005	
5.28845516e+001	8.86042214e-006	
5.30396383e+001	6.44351460e-006	
5.31947249e+001	4.02660707e-006	
5.33498116e+001	1.51165665e-006	
5.35048982e+001	-1.10985327e-006	
5.36599849e+001	-3.73136318e-006	
5.38150716e+001	-6.30810971e-006	
5.39701582e+001	-8.80397988e-006	
5.41252449e+001	-1.21658219e-005	
5.42803315e+001	-1.44778777e-005	
5.44354182e+001	-1.69400336e-005	
5.45905049e+001	-1.94021895e-005	
5.47455915e+001	-2.19854817e-005	
5.49006782e+001	-2.55446880e-005	
5.50557649e+001	-2.92842781e-005	
5.52108515e+001	-3.31720704e-005	
5.53659382e+001	-3.57648487e-005	
5.55210248e+001	-3.83412231e-005	
5.56761115e+001	-4.09175974e-005	
5.58311982e+001	-4.30318072e-005	
5.59862848e+001	-4.44983536e-005	
5.61413715e+001	-4.46423756e-005	
5.62964581e+001	-4.31041732e-005	
5.64515448e+001	-4.17129472e-005	
5.66066315e+001	-3.94563678e-005	
5.67617181e+001	-3.72120536e-005	
5.69168048e+001	-3.49753063e-005	
5.70718915e+001	-3.27385591e-005	
5.72269781e+001	-2.97493439e-005	
5.73820648e+001	-2.59950282e-005	
5.75371514e+001	-2.31115531e-005	
5.76922381e+001	-2.02947409e-005	
5.78473248e+001	-1.74871683e-005	
5.80024114e+001	-1.37658040e-005	
5.81574981e+001	-9.72350051e-006	
5.83125847e+001	-6.95198688e-006	
5.84676714e+001	-4.18047325e-006	
5.86227581e+001	-1.40018000e-006	
5.87778447e+001	1.44035030e-006	
5.89329314e+001	4.28088061e-006	
5.90880181e+001	7.12346079e-006	
5.92431047e+001	1.04557895e-005	
5.93981914e+001	1.36182571e-005	
5.95532780e+001	1.65668982e-005	
5.97083647e+001	1.84684155e-005	
5.98634514e+001	2.02288187e-005	
6.00185380e+001	2.19892218e-005	
6.01736247e+001	2.30733202e-005	
6.03287113e+001	2.28893423e-005	
6.04837980e+001	2.18711556e-005	
6.06388847e+001	2.05511944e-005	
6.07939713e+001	1.89353609e-005	
6.09490580e+001	1.57829602e-005	
6.11041447e+001	1.31773509e-005	
6.12592313e+001	1.10918744e-005	
6.14143180e+001	8.57894427e-006	
6.15694046e+001	5.95132447e-006	
6.17244913e+001	3.17848562e-006	
6.18795780e+001	6.18027298e-007	
6.20346646e+001	-9.58076809e-007	
6.21897513e+001	-3.65504062e-006	
6.23448379e+001	-6.54943383e-006	
6.24999246e+001	-9.41345441e-006	
6.26550113e+001	-1.16049583e-005	
6.28100979e+001	-1.37964622e-005	
6.29651846e+001	-1.60196362e-005	
6.31202713e+001	-1.97312733e-005	
6.32753579e+001	-2.30541851e-005	
6.34304446e+001	-2.59196205e-005	
6.35855312e+001	-2.90255504e-005	
6.37406179e+001	-3.22544240e-005	
6.38957046e+001	-3.56718326e-005	
6.40507912e+001	-3.78548309e-005	
6.42058779e+001	-4.12909558e-005	
6.43609645e+001	-4.57234457e-005	
6.45160512e+001	-4.88946010e-005	
6.46711379e+001	-5.13381782e-005	
6.48262245e+001	-5.32338673e-005	
6.49813112e+001	-5.39315634e-005	
6.51363979e+001	-5.35633208e-005	
6.52914845e+001	-5.31950782e-005	
6.54465712e+001	-5.22342565e-005	
6.56016578e+001	-5.04073957e-005	
6.57567445e+001	-4.68617377e-005	
6.59118312e+001	-4.29404114e-005	
6.60669178e+001	-4.06861791e-005	
6.62220045e+001	-3.84319467e-005	
6.63770911e+001	-3.59152977e-005	
6.65321778e+001	-3.20252876e-005	
6.66872645e+001	-2.84154247e-005	
6.68423511e+001	-2.50125726e-005	
6.69974378e+001	-2.21085759e-005	
6.71525245e+001	-1.92045793e-005	
6.73076111e+001	-1.63005826e-005	
6.74626978e+001	-1.30132749e-005	
6.76177844e+001	-9.55589220e-006	
6.77728711e+001	-5.85251265e-006	
6.79279578e+001	-2.53630277e-006	
6.80830444e+001	1.22006802e-007	
6.82381311e+001	2.78031637e-006	
6.83932177e+001	5.99551044e-006	
6.85483044e+001	9.32995846e-006	
6.87033911e+001	1.13615048e-005	
6.88584777e+001	1.31915664e-005	
6.90135644e+001	1.48539705e-005	
6.91686511e+001	1.48548798e-005	
6.93237377e+001	1.49391088e-005	
6.94788244e+001	1.51730195e-005	
6.96339110e+001	1.34735234e-005	
6.97889977e+001	1.21963999e-005	
6.99440844e+001	9.63255959e-006	
7.00991710e+001	6.87551290e-006	
7.02542577e+001	4.19173517e-006	
7.04093443e+001	2.16624653e-006	
7.05644310e+001	1.40757901e-007	
7.07195177e+001	-1.93486225e-006	
7.08746043e+001	-4.88570819e-006	
7.10296910e+001	-7.46371700e-006	
7.11847777e+001	-9.65785333e-006	
7.13398643e+001	-1.25197654e-005	
7.14949510e+001	-1.54759627e-005	
7.16500376e+001	-1.85088370e-005	
7.18051243e+001	-1.98753608e-005	
7.19602110e+001	-2.21705484e-005	
7.21152976e+001	-2.44657360e-005	
7.22703843e+001	-2.78341981e-005	
7.24254709e+001	-3.15850004e-005	
7.25805576e+001	-3.45565845e-005	
7.27356443e+001	-3.81128969e-005	
7.28907309e+001	-4.21233279e-005	
7.30458176e+001	-4.54867573e-005	
7.32009043e+001	-4.88663810e-005	
7.33559909e+001	-5.22666280e-005	
7.35110776e+001	-5.61706714e-005	
7.36661642e+001	-5.80823478e-005	
7.38212509e+001	-5.85465293e-005	
7.39763376e+001	-5.93022110e-005	
7.41314242e+001	-5.97114149e-005	
7.42865109e+001	-5.82856426e-005	
7.44415975e+001	-5.62545592e-005	
7.45966842e+001	-5.38343695e-005	
7.47517709e+001	-5.09275414e-005	
7.49068575e+001	-4.79072665e-005	
7.50619442e+001	-4.47777358e-005	
7.52170309e+001	-4.14285033e-005	
7.53721175e+001	-3.80238534e-005	
7.55272042e+001	-3.45503992e-005	
7.56822908e+001	-3.08339326e-005	
7.58373775e+001	-2.74122586e-005	
7.59924642e+001	-2.33789848e-005	
7.61475508e+001	-1.99818881e-005	
7.63026375e+001	-1.67405341e-005	
7.64577241e+001	-1.28012527e-005	
7.66128108e+001	-9.28670235e-006	
7.67678975e+001	-6.07538587e-006	
7.69229841e+001	-2.56493017e-006	
7.70780708e+001	9.56972122e-007	
7.72331575e+001	4.49251387e-006	
7.73882441e+001	7.52065393e-006	
7.75433308e+001	1.09750656e-005	
7.76984174e+001	1.36321614e-005	
7.78535041e+001	1.48759568e-005	
7.80085908e+001	1.58686782e-005	
7.81636774e+001	1.74866536e-005	
7.83187641e+001	1.69142658e-005	
7.84738507e+001	1.51709052e-005	
7.86289374e+001	1.35722166e-005	
7.87840241e+001	1.19735280e-005	
7.89391107e+001	1.03748394e-005	
7.90941974e+001	7.05553531e-006	
7.92492841e+001	4.05537461e-006	
7.94043707e+001	1.62127981e-006	
7.95594574e+001	3.24331453e-007	
7.97145440e+001	-2.19202125e-006	
7.98696307e+001	-5.02845959e-006	
8.00247174e+001	-7.56206002e-006	
8.01798040e+001	-1.00334429e-005	
8.03348907e+001	-1.28063973e-005	
8.04899773e+001	-1.54495860e-005	
8.06450640e+001	-1.80239739e-005	
8.08001507e+001	-2.11381313e-005	
8.09552373e+001	-2.41247772e-005	
8.11103240e+001	-2.69693093e-005	
8.12654107e+001	-3.01600407e-005	
8.14204973e+001	-3.22858094e-005	
8.15755840e+001	-3.57952735e-005	
8.17306706e+001	-3.94415077e-005	
8.18857573e+001	-4.30620829e-005	
8.20408440e+001	-4.64705006e-005	
8.21959306e+001	-5.03562913e-005	
8.23510173e+001	-5.43887031e-005	
8.25061039e+001	-5.76197287e-005	
8.26611906e+001	-5.97699196e-005	
8.28162773e+001	-6.10093821e-005	
8.29713639e+001	-6.08146660e-005	
8.31264506e+001	-5.96998851e-005	
8.32815373e+001	-5.73513594e-005	
8.34366239e+001	-5.47515377e-005	
8.35917106e+001	-5.23448064e-005	
8.37467972e+001	-4.85080239e-005	
8.39018839e+001	-4.49651999e-005	
8.40569706e+001	-4.15281408e-005	
8.42120572e+001	-3.80910817e-005	
8.43671439e+001	-3.45061857e-005	
8.45222305e+001	-3.08277800e-005	
8.46773172e+001	-2.71493743e-005	
8.48324039e+001	-2.29402315e-005	
8.49874905e+001	-1.81777650e-005	
8.51425772e+001	-1.38901956e-005	
8.52976639e+001	-9.52541920e-006	
8.54527505e+001	-6.35557363e-006	
8.56078372e+001	-3.18572806e-006	
8.57629238e+001	4.32223056e-007	
8.59180105e+001	5.44042437e-006	
8.60730972e+001	9.42589831e-006	
8.62281838e+001	1.28324440e-005	
8.63832705e+001	1.54917444e-005	
8.65383571e+001	1.81510448e-005	
8.66934438e+001	2.08103452e-005	
8.68485305e+001	2.28783076e-005	
8.70036171e+001	2.37903771e-005	
8.71587038e+001	2.32115997e-005	
8.73137905e+001	2.25236094e-005	
8.74688771e+001	2.01549541e-005	
8.76239638e+001	1.66515055e-005	
8.77790504e+001	1.35399960e-005	
8.79341371e+001	1.02872947e-005	
8.80892238e+001	5.88660145e-006	
8.82443104e+001	1.92554959e-006	
8.83993971e+001	-1.81797560e-006	
8.85544838e+001	-6.13432512e-006	
8.87095704e+001	-1.01508433e-005	
8.88646571e+001	-1.38749351e-005	
8.90197437e+001	-1.89681402e-005	
8.91748304e+001	-2.22519193e-005	
8.93299171e+001	-2.61745487e-005	
8.94850037e+001	-3.00971781e-005	
8.96400904e+001	-3.43758537e-005	
8.97951770e+001	-3.96657299e-005	
8.99502637e+001	-4.45651678e-005	
9.01053504e+001	-4.94554041e-005	
9.02604370e+001	-5.53427384e-005	
9.04155237e+001	-6.11926531e-005	
9.05706104e+001	-6.70167153e-005	
9.07256970e+001	-7.29541907e-005	
9.08807837e+001	-7.95082020e-005	
9.10358703e+001	-8.68062919e-005	
9.11909570e+001	-9.21698729e-005	
9.13460437e+001	-9.86097945e-005	
9.15011303e+001	-1.03733544e-004	
9.16562170e+001	-1.07261992e-004	
9.18113036e+001	-1.09926070e-004	
9.19663903e+001	-1.11119973e-004	
9.21214770e+001	-1.11355955e-004	
9.22765636e+001	-1.10795386e-004	
9.24316503e+001	-1.07291219e-004	
9.25867370e+001	-1.04648773e-004	
9.27418236e+001	-1.02792834e-004	
9.28969103e+001	-1.00936894e-004	
9.30519969e+001	-9.44571045e-005	
9.32070836e+001	-9.53922296e-005	
9.33621703e+001	-9.32913801e-005	
9.35172569e+001	-9.29478536e-005	
9.36723436e+001	-9.87160496e-005	
9.38274302e+001	-1.04484246e-004	
9.39825169e+001	-1.11550378e-004	
9.41376036e+001	-1.25746313e-004	
9.42926902e+001	-1.22779024e-004	
9.44477769e+001	-1.09607148e-004	
9.46028636e+001	-1.45700040e-004	
9.47579502e+001	-2.52756445e-004	
9.49130369e+001	-4.39909766e-004	
9.50681235e+001	-4.02611677e-004	
9.52232102e+001	-5.20815767e-004	
9.53782969e+001	-7.48455502e-004	
9.55333835e+001	-1.10923866e-003	
9.56884702e+001	-1.65175384e-003	
9.58435568e+001	-2.69794675e-003	
9.59986435e+001	-3.19420255e-003	
9.61537302e+001	-3.52729832e-003	
9.63088168e+001	-4.90128012e-003	
9.64639035e+001	-5.16016449e-003	
9.66189902e+001	-4.46755706e-003	
9.67740768e+001	-3.14734429e-003	
9.69291635e+001	1.95079272e-003	
9.70842501e+001	9.25780358e-003	
9.72393368e+001	1.48622973e-002	
9.73944235e+001	2.11657780e-002	
9.75495101e+001	2.98428064e-002	
9.77045968e+001	3.90551581e-002	
9.78596834e+001	4.83897363e-002	
9.80147701e+001	5.73677988e-002	
9.81698568e+001	6.84249555e-002	
9.83249434e+001	8.07081713e-002	
9.84800301e+001	9.08716444e-002	
9.86351168e+001	1.01035117e-001	
9.87902034e+001	1.11198591e-001	
9.89452901e+001	1.27353307e-001	
9.91003767e+001	1.43897092e-001	
9.92554634e+001	1.63807942e-001	
9.94105501e+001	1.82480645e-001	
9.95656367e+001	2.00847866e-001	
9.97207234e+001	2.19215086e-001	
9.98758100e+001	2.42836409e-001	
1.00030897e+002	2.68939649e-001	
1.00185983e+002	2.95042888e-001	
1.00341070e+002	3.27120101e-001	
1.00496157e+002	3.63963023e-001	
1.00651243e+002	3.97501459e-001	
1.00806330e+002	4.36255575e-001	
1.00961417e+002	4.76252534e-001	
1.01116503e+002	5.07670221e-001	
1.01271590e+002	5.40428268e-001	
1.01426677e+002	5.78964682e-001	
1.01581763e+002	6.16201146e-001	
1.01736850e+002	6.49429384e-001	
1.01891937e+002	6.67176504e-001	
1.02047023e+002	6.84923624e-001	
1.02202110e+002	7.02351081e-001	
1.02357197e+002	7.15149006e-001	
1.02512283e+002	7.23756659e-001	
1.02667370e+002	7.28226056e-001	
1.02822457e+002	7.30650302e-001	
1.02977543e+002	7.32041718e-001	
1.03132630e+002	7.33433133e-001	
1.03287717e+002	7.34047021e-001	
1.03442803e+002	7.34394476e-001	
1.03597890e+002	7.34469674e-001	
1.03752977e+002	7.33309656e-001	
1.03908063e+002	7.31531253e-001	
1.04063150e+002	7.29247756e-001	
1.04218237e+002	7.24980257e-001	
1.04373323e+002	7.19233654e-001	
1.04528410e+002	7.13487052e-001	
1.04683497e+002	7.06383886e-001	
1.04838583e+002	6.94868340e-001	
1.04993670e+002	6.69861299e-001	
1.05148757e+002	6.45496418e-001	
1.05303843e+002	6.25934715e-001	
1.05458930e+002	6.06373012e-001	
1.05614017e+002	5.84307608e-001	
1.05769103e+002	5.52483351e-001	
1.05924190e+002	5.30422824e-001	
1.06079277e+002	5.13970578e-001	
1.06234363e+002	4.99559010e-001	
1.06389450e+002	4.86161582e-001	
1.06544536e+002	4.73701048e-001	
1.06699623e+002	4.67534295e-001	
1.06854710e+002	4.60986849e-001	
1.07009796e+002	4.54970074e-001	
1.07164883e+002	4.52985883e-001	
1.07319970e+002	4.52464321e-001	
1.07475056e+002	4.53713431e-001	
1.07630143e+002	4.57927608e-001	
1.07785230e+002	4.63338235e-001	
1.07940316e+002	4.68748861e-001	
1.08095403e+002	4.78135601e-001	
1.08250490e+002	4.90334404e-001	
1.08405576e+002	5.04061289e-001	
1.08560663e+002	5.18382958e-001	
1.08715750e+002	5.36710199e-001	
1.08870836e+002	5.60672316e-001	
1.09025923e+002	5.84570529e-001	
1.09181010e+002	6.07220138e-001	
1.09336096e+002	6.34887361e-001	
1.09491183e+002	6.60944794e-001	
1.09646270e+002	6.76395644e-001	
1.09801356e+002	6.91846493e-001	
1.09956443e+002	7.06754783e-001	
1.10111530e+002	7.16664542e-001	
1.10266616e+002	7.23521357e-001	
1.10421703e+002	7.27740277e-001	
1.10576790e+002	7.29646912e-001	
1.10731876e+002	7.31978754e-001	
1.10886963e+002	7.34085265e-001	
1.11042050e+002	7.33736618e-001	
1.11197136e+002	7.33380927e-001	
1.11352223e+002	7.34048295e-001	
1.11507310e+002	7.34326150e-001	
1.11662396e+002	7.34480993e-001	
1.11817483e+002	7.34743357e-001	
1.11972570e+002	7.34599198e-001	
1.12127656e+002	7.34191008e-001	
1.12282743e+002	7.33782817e-001	
1.12437830e+002	7.33506670e-001	
1.12592916e+002	7.33015471e-001	
1.12748003e+002	7.32524272e-001	
1.12903090e+002	7.31383784e-001	
1.13058176e+002	7.29091047e-001	
1.13213263e+002	7.23577704e-001	
1.13368350e+002	7.16717912e-001	
1.13523436e+002	7.08137026e-001	
1.13678523e+002	6.99556141e-001	
1.13833610e+002	6.88855763e-001	
1.13988696e+002	6.61777558e-001	
1.14143783e+002	6.37514902e-001	
1.14298870e+002	6.15527119e-001	
1.14453956e+002	5.94783677e-001	
1.14609043e+002	5.71225001e-001	
1.14764130e+002	5.46618844e-001	
1.14919216e+002	5.24509223e-001	
1.15074303e+002	5.05714858e-001	
1.15229390e+002	4.93543632e-001	
1.15384476e+002	4.81393534e-001	
1.15539563e+002	4.69923660e-001	
1.15694650e+002	4.61431184e-001	
1.15849736e+002	4.55318001e-001	
1.16004823e+002	4.51018980e-001	
1.16159910e+002	4.52430173e-001	
1.16314996e+002	4.54165934e-001	
1.16470083e+002	4.56295071e-001	
1.16625169e+002	4.58424208e-001	
1.16780256e+002	4.62596084e-001	
1.16935343e+002	4.70142423e-001	
1.17090429e+002	4.81458935e-001	
1.17245516e+002	4.93767608e-001	
1.17400603e+002	5.06486765e-001	
1.17555689e+002	5.27070685e-001	
1.17710776e+002	5.50671340e-001	
1.17865863e+002	5.71146807e-001	
1.18020949e+002	5.91622275e-001	
1.18176036e+002	6.10015215e-001	
1.18331123e+002	6.39591019e-001	
1.18486209e+002	6.64437101e-001	
1.18641296e+002	6.83428933e-001	
1.18796383e+002	6.99748975e-001	
1.18951469e+002	7.12756957e-001	
1.19106556e+002	7.19575116e-001	
1.19261643e+002	7.23659073e-001	
1.19416729e+002	7.26891419e-001	
1.19571816e+002	7.30123765e-001	
1.19726903e+002	7.31774918e-001	
1.19881989e+002	7.32564588e-001	
1.20037076e+002	7.33702332e-001	
1.20192163e+002	7.34476420e-001	
1.20347249e+002	7.35263840e-001	
1.20502336e+002	7.34847369e-001	
1.20657423e+002	7.34590424e-001	
1.20812509e+002	7.34666005e-001	
1.20967596e+002	7.34504659e-001	
1.21122683e+002	7.34242675e-001	
1.21277769e+002	7.33838242e-001	
1.21432856e+002	7.33433809e-001	
1.21587943e+002	7.32876535e-001	
1.21743029e+002	7.31438660e-001	
1.21898116e+002	7.29421927e-001	
1.22053203e+002	7.27583085e-001	
1.22208289e+002	7.23722760e-001	
1.22363376e+002	7.17334250e-001	
1.22518463e+002	7.08019789e-001	
1.22673549e+002	6.95291207e-001	
1.22828636e+002	6.78150833e-001	
1.22983723e+002	6.53187562e-001	
1.23138809e+002	6.28606614e-001	
1.23293896e+002	6.04134122e-001	
1.23448983e+002	5.79661630e-001	
1.23604069e+002	5.59447049e-001	
1.23759156e+002	5.41463080e-001	
1.23914243e+002	5.23479112e-001	
1.24069329e+002	5.06572412e-001	
1.24224416e+002	4.87622024e-001	
1.24379503e+002	4.76265039e-001	
1.24534589e+002	4.67314464e-001	
1.24689676e+002	4.61505163e-001	
1.24844763e+002	4.56621273e-001	
1.24999849e+002	4.52621258e-001	
1.25154936e+002	4.50403730e-001	
1.25310023e+002	4.52070652e-001	
1.25465109e+002	4.55385934e-001	
1.25620196e+002	4.59628348e-001	
1.25775283e+002	4.66864180e-001	
1.25930369e+002	4.75141190e-001	
1.26085456e+002	4.87549805e-001	
1.26240543e+002	4.99958419e-001	
1.26395629e+002	5.12367034e-001	
1.26550716e+002	5.30525626e-001	
1.26705802e+002	5.53179626e-001	
1.26860889e+002	5.83005558e-001	
1.27015976e+002	6.05851449e-001	
1.27171062e+002	6.26906525e-001	
1.27326149e+002	6.47961600e-001	
1.27481236e+002	6.70946828e-001	
1.27636322e+002	6.93543052e-001	
1.27791409e+002	7.05559904e-001	
1.27946496e+002	7.12967580e-001	
1.28101582e+002	7.18777829e-001	
1.28256669e+002	7.24588078e-001	
1.28411756e+002	7.29178243e-001	
1.28566842e+002	7.32131808e-001	
1.28721929e+002	7.33288985e-001	
1.28877016e+002	7.33884827e-001	
1.29032102e+002	7.33834425e-001	
1.29187189e+002	7.33784024e-001	
1.29342276e+002	7.33562058e-001	
1.29497362e+002	7.32565216e-001	
1.29652449e+002	7.31006621e-001	
1.29807536e+002	7.28059724e-001	
1.29962622e+002	7.23053557e-001	
1.30117709e+002	7.15826879e-001	
1.30272796e+002	7.06351776e-001	
1.30427882e+002	6.92064373e-001	
1.30582969e+002	6.70403473e-001	
1.30738056e+002	6.36954757e-001	
1.30893142e+002	6.08078713e-001	
1.31048229e+002	5.80257859e-001	
1.31203316e+002	5.52437005e-001	
1.31358402e+002	5.15923812e-001	
1.31513489e+002	4.75099049e-001	
1.31668576e+002	4.31560988e-001	
1.31823662e+002	3.93000956e-001	
1.31978749e+002	3.62463015e-001	
1.32133836e+002	3.31925074e-001	
1.32288922e+002	3.00254744e-001	
1.32444009e+002	2.67165039e-001	
1.32599096e+002	2.40553840e-001	
1.32754182e+002	2.17265842e-001	
1.32909269e+002	1.99183293e-001	
1.33064356e+002	1.81100744e-001	
1.33219442e+002	1.62772471e-001	
1.33374529e+002	1.43448228e-001	
1.33529616e+002	1.28012581e-001	
1.33684702e+002	1.13003657e-001	
1.33839789e+002	1.01115753e-001	
1.33994876e+002	9.00533109e-002	
1.34149962e+002	7.97727925e-002	
1.34305049e+002	6.73782002e-002	
1.34460136e+002	5.64904160e-002	
1.34615222e+002	4.81192488e-002	
1.34770309e+002	3.87854613e-002	
1.34925396e+002	2.97459590e-002	
1.35080482e+002	2.20539708e-002	
1.35235569e+002	1.41913323e-002	
1.35390656e+002	6.79990120e-003	
1.35545742e+002	2.61078172e-003	
1.35700829e+002	-2.19248880e-003	
1.35855916e+002	-5.19713157e-003	
1.36011002e+002	-5.72011317e-003	
1.36166089e+002	-5.55522255e-003	
1.36321176e+002	-4.58417302e-003	
1.36476262e+002	-4.23478325e-003	
1.36631349e+002	-3.51100148e-003	
1.36786435e+002	-1.91515573e-003	
1.36941522e+002	-1.30037711e-003	
1.37096609e+002	-9.99834425e-004	
1.37251695e+002	-8.13149038e-004	
1.37406782e+002	-5.52810950e-004	
1.37561869e+002	-3.86976258e-004	
1.37716955e+002	-2.64538870e-004	
1.37872042e+002	-1.83643470e-004	
1.38027129e+002	-1.39552045e-004	
1.38182215e+002	-1.02901582e-004	
1.38337302e+002	-6.64880752e-005	
1.38492389e+002	-3.00745685e-005	
1.38647475e+002	-4.41553064e-005	
1.38802562e+002	-6.74375321e-005	
1.38957649e+002	-9.07197579e-005	
1.39112735e+002	-9.73064594e-005	
1.39267822e+002	-9.83832555e-005	
1.39422909e+002	-1.04079862e-004	
1.39577995e+002	-1.13870348e-004	
1.39733082e+002	-1.16277011e-004	
1.39888169e+002	-1.13469797e-004	
1.40043255e+002	-1.13239808e-004	
1.40198342e+002	-1.15834289e-004	
1.40353429e+002	-1.18428769e-004	
1.40508515e+002	-1.19110386e-004	
1.40663602e+002	-1.16303566e-004	
1.40818689e+002	-1.13496747e-004	
1.40973775e+002	-1.09978583e-004	
1.41128862e+002	-1.04095587e-004	
1.41283949e+002	-9.67952157e-005	
1.41439035e+002	-9.08137396e-005	
1.41594122e+002	-8.49982754e-005	
1.41749209e+002	-7.91828112e-005	
1.41904295e+002	-7.33673470e-005	
1.42059382e+002	-6.61586910e-005	
1.42214469e+002	-5.92546181e-005	
1.42369555e+002	-5.27924249e-005	
1.42524642e+002	-4.80880966e-005	
1.42679729e+002	-4.36639985e-005	
1.42834815e+002	-3.92399004e-005	
1.42989902e+002	-3.43662839e-005	
1.43144989e+002	-2.95918658e-005	
1.43300075e+002	-2.60054475e-005	
1.43455162e+002	-2.30904459e-005	
1.43610249e+002	-1.83193840e-005	
1.43765335e+002	-1.39383221e-005	
1.43920422e+002	-1.00570773e-005	
1.44075509e+002	-6.68830832e-006	
1.44230595e+002	-3.31953936e-006	
1.44385682e+002	5.24593508e-007	
1.44540769e+002	5.17522243e-006	
1.44695855e+002	9.32473680e-006	
1.44850942e+002	1.27710973e-005	
1.45006029e+002	1.44423113e-005	
1.45161115e+002	1.57346330e-005	
1.45316202e+002	1.58280810e-005	
1.45471289e+002	1.66079099e-005	
1.45626375e+002	1.59813006e-005	
1.45781462e+002	1.42637784e-005	
1.45936549e+002	1.17715709e-005	
1.46091635e+002	9.27936339e-006	
1.46246722e+002	6.78715591e-006	
1.46401809e+002	2.35088938e-006	
1.46556895e+002	-1.97853722e-006	
1.46711982e+002	-5.50471787e-006	
1.46867068e+002	-8.95518271e-006	
1.47022155e+002	-1.25874250e-005	
1.47177242e+002	-1.70719401e-005	
1.47332328e+002	-2.15960349e-005	
1.47487415e+002	-2.53398161e-005	
1.47642502e+002	-2.90036416e-005	
1.47797588e+002	-3.28042067e-005	
1.47952675e+002	-3.67359281e-005	
1.48107762e+002	-4.08899779e-005	
1.48262848e+002	-4.49051716e-005	
1.48417935e+002	-4.86819724e-005	
1.48573022e+002	-5.20223381e-005	
1.48728108e+002	-5.53945782e-005	
1.48883195e+002	-5.91109021e-005	
1.49038282e+002	-6.15349869e-005	
1.49193368e+002	-6.41998016e-005	
1.49348455e+002	-6.65432435e-005	
1.49503542e+002	-6.75768055e-005	
1.49658628e+002	-6.76207636e-005	
1.49813715e+002	-6.54737586e-005	
1.49968802e+002	-6.30209192e-005	
1.50123888e+002	-6.02051182e-005	
1.50278975e+002	-5.58774052e-005	
1.50434062e+002	-5.15463031e-005	
1.50589148e+002	-4.75584093e-005	
1.50744235e+002	-4.41602808e-005	
1.50899322e+002	-4.09354343e-005	
1.51054408e+002	-3.77105877e-005	
1.51209495e+002	-3.50030441e-005	
1.51364582e+002	-3.08195442e-005	
1.51519668e+002	-2.77345934e-005	
1.51674755e+002	-2.48659990e-005	
1.51829842e+002	-2.21915265e-005	
1.51984928e+002	-1.95170540e-005	
1.52140015e+002	-1.68947598e-005	
1.52295102e+002	-1.43493903e-005	
1.52450188e+002	-1.18040208e-005	
1.52605275e+002	-9.27502730e-006	
1.52760362e+002	-6.78788672e-006	
1.52915448e+002	-4.30074614e-006	
1.53070535e+002	-2.89259927e-006	
1.53225622e+002	-3.82329617e-007	
1.53380708e+002	1.97519120e-006	
1.53535795e+002	4.22135487e-006	
1.53690882e+002	6.24448912e-006	
1.53845968e+002	8.26762336e-006	
1.54001055e+002	1.02907576e-005	
1.54156142e+002	1.05254114e-005	
1.54311228e+002	1.05362569e-005	
1.54466315e+002	1.04504364e-005	
1.54621402e+002	8.99026489e-006	
1.54776488e+002	6.83762876e-006	
1.54931575e+002	3.58125492e-006	
1.55086662e+002	-1.37389325e-007	
1.55241748e+002	-3.22709085e-006	
1.55396835e+002	-6.31679238e-006	
1.55551922e+002	-9.41890589e-006	
1.55707008e+002	-1.25313990e-005	
1.55862095e+002	-1.56438922e-005	
1.56017182e+002	-1.90228593e-005	
1.56172268e+002	-2.27685576e-005	
1.56327355e+002	-2.65142559e-005	
1.56482442e+002	-3.01212852e-005	
1.56637528e+002	-3.34015121e-005	
1.56792615e+002	-3.66817389e-005	
1.56947701e+002	-4.04974086e-005	
1.57102788e+002	-4.41892020e-005	
1.57257875e+002	-4.82617285e-005	
1.57412961e+002	-5.24799325e-005	
1.57568048e+002	-5.49848531e-005	
1.57723135e+002	-5.74897738e-005	
1.57878221e+002	-5.99946944e-005	
1.58033308e+002	-6.27454239e-005	
1.58188395e+002	-6.48698783e-005	
1.58343481e+002	-6.58851888e-005	
1.58498568e+002	-6.53397739e-005	
1.58653655e+002	-6.44192906e-005	
1.58808741e+002	-6.34988073e-005	
1.58963828e+002	-6.17026174e-005	
1.59118915e+002	-5.79615496e-005	
1.59274001e+002	-5.34545114e-005	
1.59429088e+002	-4.96028169e-005	
1.59584175e+002	-4.62651766e-005	
1.59739261e+002	-4.29275363e-005	
1.59894348e+002	-3.94643491e-005	
1.60049435e+002	-3.58397738e-005	
1.60204521e+002	-3.21604996e-005	
1.60359608e+002	-2.88905918e-005	
1.60514695e+002	-2.65294788e-005	
1.60669781e+002	-2.34555485e-005	
1.60824868e+002	-2.13788230e-005	
1.60979955e+002	-1.89464606e-005	
1.61135041e+002	-1.65140982e-005	
1.61290128e+002	-1.40891128e-005	
1.61445215e+002	-1.17640539e-005	
1.61600301e+002	-9.43899504e-006	
1.61755388e+002	-7.11393614e-006	
1.61910475e+002	-4.44136317e-006	
1.62065561e+002	-1.95146943e-006	
1.62220648e+002	2.13962723e-007	
1.62375735e+002	2.73181663e-006	
1.62530821e+002	5.00312749e-006	
1.62685908e+002	6.36381234e-006	
1.62840995e+002	6.97267137e-006	
1.62996081e+002	8.43381732e-006	
1.63151168e+002	9.43465921e-006	
1.63306255e+002	9.47979517e-006	
1.63461341e+002	8.81036729e-006	
1.63616428e+002	7.24800799e-006	
1.63771515e+002	5.23156960e-006	
1.63926601e+002	2.66942972e-006	
1.64081688e+002	1.07289831e-007	
1.64236775e+002	-2.73664678e-006	
1.64391861e+002	-6.14949060e-006	
1.64546948e+002	-9.27854204e-006	
1.64702035e+002	-1.27911731e-005	
1.64857121e+002	-1.59972138e-005	
1.65012208e+002	-1.93173941e-005	
1.65167295e+002	-2.26586256e-005	
1.65322381e+002	-2.55581036e-005	
1.65477468e+002	-2.89164430e-005	
1.65632555e+002	-3.26916760e-005	
1.65787641e+002	-3.53777551e-005	
1.65942728e+002	-3.80213952e-005	
1.66097815e+002	-4.06650352e-005	
1.66252901e+002	-4.45625405e-005	
1.66407988e+002	-4.83083622e-005	
1.66563075e+002	-5.10386702e-005	
1.66718161e+002	-5.37781647e-005	
1.66873248e+002	-5.58117010e-005	
1.67028334e+002	-5.78452373e-005	
1.67183421e+002	-5.94424501e-005	
1.67338508e+002	-6.06830333e-005	
1.67493594e+002	-6.01830669e-005	
1.67648681e+002	-5.88966767e-005	
1.67803768e+002	-5.67264375e-005	
1.67958854e+002	-5.45561984e-005	
1.68113941e+002	-5.13801572e-005	
1.68269028e+002	-4.63190604e-005	
1.68424114e+002	-4.26455857e-005	
1.68579201e+002	-4.03261443e-005	
1.68734288e+002	-3.66912562e-005	
1.68889374e+002	-3.31407562e-005	
1.69044461e+002	-2.96911309e-005	
1.69199548e+002	-2.67523443e-005	
1.69354634e+002	-2.36409238e-005	
1.69509721e+002	-2.03828130e-005	
1.69664808e+002	-1.79853992e-005	
1.69819894e+002	-1.56063002e-005	
1.69974981e+002	-1.32272011e-005	
1.70130068e+002	-1.04670962e-005	
1.70285154e+002	-7.74811140e-006	
1.70440241e+002	-5.28050974e-006	
1.70595328e+002	-3.69915074e-006	
1.70750414e+002	-1.07047428e-006	
1.70905501e+002	1.73535458e-006	
1.71060588e+002	4.17141932e-006	
1.71215674e+002	6.37148354e-006	
1.71370761e+002	8.57154776e-006	
1.71525848e+002	1.10037675e-005	
1.71680934e+002	1.36800325e-005	
1.71836021e+002	1.49080184e-005	
1.71991108e+002	1.61106945e-005	
1.72146194e+002	1.74708640e-005	
1.72301281e+002	1.70714426e-005	
1.72456368e+002	1.54392799e-005	
1.72611454e+002	1.39014235e-005	
1.72766541e+002	1.21433251e-005	
1.72921628e+002	1.01562901e-005	
1.73076714e+002	7.23870687e-006	
1.73231801e+002	4.41375196e-006	
1.73386888e+002	1.66239144e-006	
1.73541974e+002	-1.18853239e-006	
1.73697061e+002	-4.34996558e-006	
1.73852148e+002	-7.91518611e-006	
1.74007234e+002	-1.09467490e-005	
1.74162321e+002	-1.39006171e-005	
1.74317408e+002	-1.68544852e-005	
1.74472494e+002	-2.01829626e-005	
1.74627581e+002	-2.31139621e-005	
1.74782668e+002	-2.60449615e-005	
1.74937754e+002	-2.91672000e-005	
1.75092841e+002	-3.24022648e-005	
1.75247928e+002	-3.56243692e-005	
1.75403014e+002	-3.86386523e-005	
1.75558101e+002	-4.14485377e-005	
1.75713188e+002	-4.32965592e-005	
1.75868274e+002	-4.56193220e-005	
1.76023361e+002	-4.88074370e-005	
1.76178448e+002	-4.89752850e-005	
1.76333534e+002	-4.94354082e-005	
1.76488621e+002	-4.98551454e-005	
1.76643708e+002	-4.85154814e-005	
1.76798794e+002	-4.63232260e-005	
1.76953881e+002	-4.35736880e-005	
1.77108968e+002	-4.01365111e-005	
1.77264054e+002	-3.62035218e-005	
1.77419141e+002	-3.34244047e-005	
1.77574227e+002	-3.06452877e-005	
1.77729314e+002	-2.78661707e-005	
1.77884401e+002	-2.40196007e-005	
1.78039487e+002	-2.04205902e-005	
1.78194574e+002	-1.75997642e-005	
1.78349661e+002	-1.57234403e-005	
1.78504747e+002	-1.28961170e-005	
1.78659834e+002	-1.04371467e-005	
1.78814921e+002	-7.72335831e-006	
1.78970007e+002	-4.90176527e-006	
1.79125094e+002	-2.45057435e-006	
1.79280181e+002	1.32358182e-008	
1.79435267e+002	2.48865140e-006	
1.79590354e+002	5.72319359e-006	
1.79745441e+002	8.55082997e-006	
1.79900527e+002	1.07141181e-005	
1.80055614e+002	1.28774061e-005	
1.80210701e+002	1.44563683e-005	
1.80365787e+002	1.79895191e-005	
1.80520874e+002	2.05849347e-005	
1.80675961e+002	2.28421156e-005	
1.80831047e+002	2.53123408e-005	
1.80986134e+002	2.67850772e-005	
1.81141221e+002	2.75291441e-005	
1.81296307e+002	2.70329627e-005	
1.81451394e+002	2.61107574e-005	
1.81606481e+002	2.47037039e-005	
1.81761567e+002	2.22578940e-005	
1.81916654e+002	1.97523652e-005	
1.82071741e+002	1.73375331e-005	
1.82226827e+002	1.38700577e-005	
1.82381914e+002	1.07048274e-005	
1.82537001e+002	7.45289441e-006	
1.82692087e+002	4.42336765e-006	
1.82847174e+002	1.47579028e-006	
1.83002261e+002	-1.76690340e-006	
1.83157347e+002	-4.99400120e-006	
1.83312434e+002	-8.20767735e-006	
1.83467521e+002	-1.14980078e-005	
1.83622607e+002	-1.47095827e-005	
1.83777694e+002	-1.78072902e-005	
1.83932781e+002	-2.08799549e-005	
1.84087867e+002	-2.44969488e-005	
1.84242954e+002	-2.79397518e-005	
1.84398041e+002	-3.11327520e-005	
1.84553127e+002	-3.40338693e-005	
1.84708214e+002	-3.59518429e-005	
1.84863301e+002	-3.78698165e-005	
1.85018387e+002	-3.97974345e-005	
1.85173474e+002	-4.19255738e-005	
1.85328561e+002	-4.26980748e-005	
1.85483647e+002	-4.20274715e-005	
1.85638734e+002	-4.05395017e-005	
1.85793821e+002	-3.85131302e-005	
1.85948907e+002	-3.56562541e-005	
1.86103994e+002	-3.35829158e-005	
1.86259081e+002	-3.03751614e-005	
1.86414167e+002	-2.68179577e-005	
1.86569254e+002	-2.38103680e-005	
1.86724341e+002	-2.10649094e-005	
1.86879427e+002	-1.83194509e-005	
1.87034514e+002	-1.52901972e-005	
1.87189601e+002	-1.20326355e-005	
1.87344687e+002	-9.34687409e-006	
1.87499774e+002	-6.61321429e-006	
1.87654860e+002	-3.81084099e-006	
1.87809947e+002	-1.48096870e-006	
1.87965034e+002	-8.80899464e-008	
1.88120120e+002	2.78049379e-006	
1.88275207e+002	5.44531441e-006	
1.88430294e+002	8.06821029e-006	
1.88585380e+002	1.08103067e-005	
1.88740467e+002	1.35746573e-005	
1.88895554e+002	1.63520058e-005	
1.89050640e+002	1.91231800e-005	
1.89205727e+002	2.19507778e-005	
1.89360814e+002	2.48345579e-005	
1.89515900e+002	2.80429037e-005	
1.89670987e+002	3.05607349e-005	
1.89826074e+002	3.19085919e-005	
1.89981160e+002	3.22884764e-005	
1.90136247e+002	3.30260600e-005	
1.90291334e+002	3.22446522e-005	
1.90446420e+002	3.13222209e-005	
1.90601507e+002	2.99963494e-005	
1.90756594e+002	2.64326169e-005	
1.90911680e+002	2.34104677e-005	
1.91066767e+002	2.07955084e-005	
1.91221854e+002	1.81805491e-005	
1.91376940e+002	1.49333279e-005	
1.91532027e+002	1.09068261e-005	
1.91687114e+002	7.32566500e-006	
1.91842200e+002	3.41911962e-006	
1.91997287e+002	1.45637683e-007	
1.92152374e+002	-3.95694418e-006	
1.92307460e+002	-8.05339373e-006	
1.92462547e+002	-1.11118154e-005	
1.92617634e+002	-1.41702371e-005	
1.92772720e+002	-1.72942951e-005	
1.92927807e+002	-2.11817034e-005	
1.93082894e+002	-2.48129524e-005	
1.93237980e+002	-2.82055659e-005	
1.93393067e+002	-3.16655927e-005	
1.93548154e+002	-3.48636222e-005	
1.93703240e+002	-3.76552727e-005	
1.93858327e+002	-4.07615949e-005	
1.94013414e+002	-4.25943080e-005	
1.94168500e+002	-4.28476874e-005	
1.94323587e+002	-4.36471383e-005	
1.94478674e+002	-4.40860740e-005	
1.94633760e+002	-4.11935613e-005	
1.94788847e+002	-3.85960471e-005	
1.94943934e+002	-3.62056811e-005	
1.95099020e+002	-3.38153150e-005	
1.95254107e+002	-3.04461239e-005	
1.95409194e+002	-2.59488893e-005	
1.95564280e+002	-2.28096660e-005	
1.95719367e+002	-2.09978254e-005	
1.95874454e+002	-1.80755160e-005	
1.96029540e+002	-1.49576770e-005	
1.96184627e+002	-1.19255384e-005	
1.96339714e+002	-9.39621572e-006	
1.96494800e+002	-6.61458330e-006	
1.96649887e+002	-3.73772904e-006	
1.96804974e+002	-1.20363692e-006	
1.96960060e+002	1.56143869e-006	
1.97115147e+002	4.52777531e-006	
1.97270234e+002	7.14939735e-006	
1.97425320e+002	9.80179245e-006	
1.97580407e+002	1.25119263e-005	
1.97735493e+002	1.43343361e-005	
1.97890580e+002	1.73534878e-005	
1.98045667e+002	2.03706611e-005	
1.98200753e+002	2.30782989e-005	
1.98355840e+002	2.57434040e-005	
1.98510927e+002	2.87794909e-005	
1.98666013e+002	3.12800891e-005	
1.98821100e+002	3.33561043e-005	
1.98976187e+002	3.37796725e-005	
1.99131273e+002	3.36304441e-005	
1.99286360e+002	3.28637874e-005	
1.99441447e+002	3.03187756e-005	
1.99596533e+002	2.71548603e-005	
1.99751620e+002	2.50644403e-005	
1.99906707e+002	2.14891458e-005	
2.00061793e+002	1.77049196e-005	
2.00216880e+002	1.44713911e-005	
2.00371967e+002	1.12378626e-005	
2.00527053e+002	7.88468211e-006	
2.00682140e+002	3.58765333e-006	
2.00837227e+002	-6.85229059e-007	
2.00992313e+002	-4.93843883e-006	
2.01147400e+002	-8.60629915e-006	
2.01302487e+002	-1.26383234e-005	
2.01457573e+002	-1.71650051e-005	
2.01612660e+002	-2.13123136e-005	
2.01767747e+002	-2.48068058e-005	
2.01922833e+002	-2.83012979e-005	
2.02077920e+002	-3.20073217e-005	
2.02233007e+002	-3.58594762e-005	
2.02388093e+002	-4.00402341e-005	
2.02543180e+002	-4.32474317e-005	
2.02698267e+002	-4.58600238e-005	
2.02853353e+002	-4.84726158e-005	
2.03008440e+002	-5.01768212e-005	
2.03163527e+002	-5.09649953e-005	
2.03318613e+002	-5.01493774e-005	
2.03473700e+002	-4.95475110e-005	
2.03628787e+002	-4.66305602e-005	
2.03783873e+002	-4.26939373e-005	
2.03938960e+002	-3.85292730e-005	
2.04094047e+002	-3.43814385e-005	
2.04249133e+002	-3.02336041e-005	
2.04404220e+002	-2.58200672e-005	
2.04559307e+002	-1.96152306e-005	
2.04714393e+002	-1.48611909e-005	
2.04869480e+002	-1.12044280e-005	
2.05024567e+002	-6.36223701e-006	
2.05179653e+002	-1.75593544e-006	
2.05334740e+002	2.55591826e-006	
2.05489827e+002	5.58705116e-006	
2.05644913e+002	1.00615088e-005	
2.05800000e+002	1.45222561e-005	
2.05955087e+002	1.89837999e-005	
2.06110173e+002	2.35373441e-005	
2.06265260e+002	2.84602673e-005	
2.06420347e+002	3.37732785e-005	
2.06575433e+002	3.92740830e-005	
2.06730520e+002	4.43613985e-005	
2.06885607e+002	4.98905407e-005	
2.07040693e+002	5.58364722e-005	
2.07195780e+002	6.15753978e-005	
2.07350867e+002	6.55813836e-005	
2.07505953e+002	7.11404907e-005	
2.07661040e+002	7.60497970e-005	
2.07816126e+002	7.99218818e-005	
2.07971213e+002	8.13334487e-005	
2.08126300e+002	8.27450156e-005	
2.08281386e+002	8.38526595e-005	
2.08436473e+002	8.31805871e-005	
2.08591560e+002	8.24318736e-005	
2.08746646e+002	8.15565423e-005	
2.08901733e+002	7.76046164e-005	
2.09056820e+002	7.53293373e-005	
2.09211906e+002	7.50110755e-005	
2.09366993e+002	7.02162157e-005	
2.09522080e+002	7.17934217e-005	
2.09677166e+002	7.33706277e-005	
2.09832253e+002	8.39564095e-005	
2.09987340e+002	9.08258671e-005	
2.10142426e+002	7.47756225e-005	
2.10297513e+002	7.74871965e-005	
2.10452600e+002	8.59732647e-005	
2.10607686e+002	5.38864219e-005	
2.10762773e+002	9.05648596e-005	
2.10917860e+002	1.87925305e-004	
2.11072946e+002	1.93883502e-004	
2.11228033e+002	1.59281979e-004	
2.11383120e+002	3.60269204e-004	
2.11538206e+002	5.61256430e-004	
2.11693293e+002	8.60643487e-004	
2.11848380e+002	1.40641105e-003	
2.12003466e+002	2.27678265e-003	
2.12158553e+002	3.24614542e-003	
2.12313640e+002	4.08781410e-003	
2.12468726e+002	5.02218117e-003	
2.12623813e+002	5.89038344e-003	
2.12778900e+002	3.65975625e-003	
2.12933986e+002	2.18409483e-003	
2.13089073e+002	1.53248292e-003	
2.13244160e+002	-4.29614261e-003	
2.13399246e+002	-1.07720720e-002	
2.13554333e+002	-2.00649922e-002	
2.13709420e+002	-2.74647361e-002	
2.13864506e+002	-3.43725698e-002	
2.14019593e+002	-4.12804036e-002	
2.14174680e+002	-5.18741031e-002	
2.14329766e+002	-6.39531266e-002	
2.14484853e+002	-7.33999148e-002	
2.14639940e+002	-8.34469767e-002	
2.14795026e+002	-9.39893266e-002	
2.14950113e+002	-1.07286754e-001	
2.15105200e+002	-1.22974397e-001	
2.15260286e+002	-1.37376115e-001	
2.15415373e+002	-1.52862826e-001	
2.15570460e+002	-1.69246485e-001	
2.15725546e+002	-1.87306260e-001	
2.15880633e+002	-2.07358440e-001	
2.16035720e+002	-2.29027300e-001	
2.16190806e+002	-2.54906197e-001	
2.16345893e+002	-2.81243800e-001	
2.16500980e+002	-3.08472771e-001	
2.16656066e+002	-3.45895765e-001	
2.16811153e+002	-3.80981477e-001	
2.16966240e+002	-4.13680606e-001	
2.17121326e+002	-4.50216129e-001	
2.17276413e+002	-4.84294055e-001	
2.17431500e+002	-5.18371981e-001	
2.17586586e+002	-5.59133293e-001	
2.17741673e+002	-5.98447047e-001	
2.17896759e+002	-6.28677278e-001	
2.18051846e+002	-6.56087208e-001	
2.18206933e+002	-6.80829052e-001	
2.18362019e+002	-6.95959319e-001	
2.18517106e+002	-7.09707935e-001	
2.18672193e+002	-7.22361934e-001	
2.18827279e+002	-7.25750114e-001	
2.18982366e+002	-7.29213026e-001	
2.19137453e+002	-7.30825431e-001	
2.19292539e+002	-7.32437836e-001	
2.19447626e+002	-7.33760448e-001	
2.19602713e+002	-7.34463640e-001	
2.19757799e+002	-7.34312509e-001	
2.19912886e+002	-7.33824797e-001	
2.20067973e+002	-7.33079284e-001	
2.20223059e+002	-7.30825871e-001	
2.20378146e+002	-7.27559171e-001	
2.20533233e+002	-7.22458738e-001	
2.20688319e+002	-7.17358305e-001	
2.20843406e+002	-7.12257872e-001	
2.20998493e+002	-7.02307120e-001	
2.21153579e+002	-6.83859264e-001	
2.21308666e+002	-6.54494749e-001	
2.21463753e+002	-6.32625904e-001	
2.21618839e+002	-6.12324283e-001	
2.21773926e+002	-5.92022662e-001	
2.21929013e+002	-5.66189923e-001	
2.22084099e+002	-5.39689202e-001	
2.22239186e+002	-5.23133470e-001	
2.22394273e+002	-5.07328950e-001	
2.22549359e+002	-4.92113771e-001	
2.22704446e+002	-4.79283908e-001	
2.22859533e+002	-4.70292097e-001	
2.23014619e+002	-4.63712128e-001	
2.23169706e+002	-4.57132159e-001	
2.23324793e+002	-4.52169326e-001	
2.23479879e+002	-4.50410617e-001	
2.23634966e+002	-4.51152883e-001	
2.23790053e+002	-4.53103713e-001	
2.23945139e+002	-4.56826436e-001	
2.24100226e+002	-4.65334506e-001	
2.24255313e+002	-4.76345332e-001	
2.24410399e+002	-4.86724594e-001	
2.24565486e+002	-4.97103856e-001	
2.24720573e+002	-5.07483118e-001	
2.24875659e+002	-5.24595510e-001	
2.25030746e+002	-5.48370561e-001	
2.25185833e+002	-5.79284130e-001	
2.25340919e+002	-6.00024255e-001	
2.25496006e+002	-6.18880319e-001	
2.25651093e+002	-6.37736382e-001	
2.25806179e+002	-6.64515154e-001	
2.25961266e+002	-6.91562796e-001	
2.26116353e+002	-7.03845298e-001	
2.26271439e+002	-7.12660688e-001	
2.26426526e+002	-7.19144605e-001	
2.26581613e+002	-7.25628522e-001	
2.26736699e+002	-7.29082453e-001	
2.26891786e+002	-7.30644339e-001	
2.27046873e+002	-7.32206224e-001	
2.27201959e+002	-7.33384138e-001	
2.27357046e+002	-7.33855504e-001	
2.27512133e+002	-7.34336159e-001	
2.27667219e+002	-7.34695734e-001	
2.27822306e+002	-7.34639760e-001	
2.27977392e+002	-7.34991090e-001	
2.28132479e+002	-7.35398823e-001	
2.28287566e+002	-7.34575965e-001	
2.28442652e+002	-7.34285046e-001	
2.28597739e+002	-7.34438590e-001	
2.28752826e+002	-7.34428335e-001	
2.28907912e+002	-7.33665072e-001	
2.29062999e+002	-7.32115169e-001	
2.29218086e+002	-7.30329225e-001	
2.29373172e+002	-7.27548427e-001	
2.29528259e+002	-7.22524502e-001	
2.29683346e+002	-7.13919879e-001	
2.29838432e+002	-7.04040719e-001	
2.29993519e+002	-6.94161560e-001	
2.30148606e+002	-6.76197252e-001	
2.30303692e+002	-6.53039803e-001	
2.30458779e+002	-6.27695530e-001	
2.30613866e+002	-6.05346636e-001	
2.30768952e+002	-5.81971640e-001	
2.30924039e+002	-5.58220955e-001	
2.31079126e+002	-5.34918537e-001	
2.31234212e+002	-5.12431676e-001	
2.31389299e+002	-4.98950057e-001	
2.31544386e+002	-4.87428624e-001	
2.31699472e+002	-4.75325834e-001	
2.31854559e+002	-4.65484846e-001	
2.32009646e+002	-4.57426703e-001	
2.32164732e+002	-4.54646728e-001	
2.32319819e+002	-4.52577544e-001	
2.32474906e+002	-4.51063542e-001	
