% Column 0: Length, mm
% Column 1: B.n, Tesla
0.00000000e+000	-1.63520788e-001	
1.55086662e-001	-1.63683338e-001	
3.10173323e-001	-1.64966540e-001	
4.65259985e-001	-1.67684504e-001	
6.20346646e-001	-1.70377966e-001	
7.75433308e-001	-1.73067997e-001	
9.30519969e-001	-1.75758028e-001	
1.08560663e+000	-1.80941559e-001	
1.24069329e+000	-1.87414493e-001	
1.39577995e+000	-1.95884003e-001	
1.55086662e+000	-2.03153163e-001	
1.70595328e+000	-2.10070737e-001	
1.86103994e+000	-2.21648020e-001	
2.01612660e+000	-2.30148523e-001	
2.17121326e+000	-2.37095495e-001	
2.32629992e+000	-2.44042467e-001	
2.48138658e+000	-2.50730768e-001	
2.63647325e+000	-2.57006531e-001	
2.79155991e+000	-2.60582654e-001	
2.94664657e+000	-2.63017483e-001	
3.10173323e+000	-2.63866320e-001	
3.25681989e+000	-2.64715156e-001	
3.41190655e+000	-2.65492085e-001	
3.56699322e+000	-2.65825816e-001	
3.72207988e+000	-2.66079061e-001	
3.87716654e+000	-2.66207891e-001	
4.03225320e+000	-2.66375289e-001	
4.18733986e+000	-2.66480283e-001	
4.34242652e+000	-2.66510596e-001	
4.49751319e+000	-2.66504710e-001	
4.65259985e+000	-2.66466938e-001	
4.80768651e+000	-2.66373737e-001	
4.96277317e+000	-2.66236653e-001	
5.11785983e+000	-2.66086521e-001	
5.27294649e+000	-2.65936389e-001	
5.42803315e+000	-2.65592819e-001	
5.58311982e+000	-2.65098799e-001	
5.73820648e+000	-2.64125732e-001	
5.89329314e+000	-2.62976141e-001	
6.04837980e+000	-2.61225018e-001	
6.20346646e+000	-2.59473895e-001	
6.35855312e+000	-2.55826002e-001	
6.51363979e+000	-2.49357518e-001	
6.66872645e+000	-2.42816461e-001	
6.82381311e+000	-2.35448376e-001	
6.97889977e+000	-2.25980425e-001	
7.13398643e+000	-2.15852530e-001	
7.28907309e+000	-2.06109810e-001	
7.44415975e+000	-1.99848763e-001	
7.59924642e+000	-1.93587715e-001	
7.75433308e+000	-1.87880612e-001	
7.90941974e+000	-1.80907049e-001	
8.06450640e+000	-1.75205014e-001	
8.21959306e+000	-1.70926075e-001	
8.37467972e+000	-1.68963596e-001	
8.52976639e+000	-1.67229056e-001	
8.68485305e+000	-1.65494515e-001	
8.83993971e+000	-1.64346219e-001	
8.99502637e+000	-1.63749348e-001	
9.15011303e+000	-1.64498889e-001	
9.30519969e+000	-1.66263121e-001	
9.46028636e+000	-1.68539466e-001	
9.61537302e+000	-1.70815811e-001	
9.77045968e+000	-1.73428743e-001	
9.92554634e+000	-1.76984030e-001	
1.00806330e+001	-1.84416415e-001	
1.02357197e+001	-1.91987678e-001	
1.03908063e+001	-1.99643027e-001	
1.05458930e+001	-2.07298375e-001	
1.07009796e+001	-2.15137196e-001	
1.08560663e+001	-2.23412537e-001	
1.10111530e+001	-2.31687879e-001	
1.11662396e+001	-2.39831687e-001	
1.13213263e+001	-2.47346291e-001	
1.14764130e+001	-2.53936750e-001	
1.16314996e+001	-2.59255374e-001	
1.17865863e+001	-2.60660077e-001	
1.19416729e+001	-2.62064779e-001	
1.20967596e+001	-2.63469482e-001	
1.22518463e+001	-2.64320027e-001	
1.24069329e+001	-2.65127007e-001	
1.25620196e+001	-2.65933987e-001	
1.27171062e+001	-2.66162907e-001	
1.28721929e+001	-2.66162554e-001	
1.30272796e+001	-2.65886030e-001	
1.31823662e+001	-2.65650343e-001	
1.33374529e+001	-2.65366168e-001	
1.34925396e+001	-2.64585330e-001	
1.36476262e+001	-2.63272116e-001	
1.38027129e+001	-2.62083961e-001	
1.39577995e+001	-2.58442673e-001	
1.41128862e+001	-2.53761944e-001	
1.42679729e+001	-2.47743395e-001	
1.44230595e+001	-2.39824899e-001	
1.45781462e+001	-2.30267655e-001	
1.47332328e+001	-2.17707934e-001	
1.48883195e+001	-2.03994174e-001	
1.50434062e+001	-1.90444354e-001	
1.51984928e+001	-1.79230591e-001	
1.53535795e+001	-1.64398998e-001	
1.55086662e+001	-1.46942172e-001	
1.56637528e+001	-1.36649926e-001	
1.58188395e+001	-1.26357680e-001	
1.59739261e+001	-1.16065434e-001	
1.61290128e+001	-1.03065386e-001	
1.62840995e+001	-9.16259228e-002	
1.64391861e+001	-8.29687853e-002	
1.65942728e+001	-7.53958452e-002	
1.67493594e+001	-6.80769689e-002	
1.69044461e+001	-6.08078442e-002	
1.70595328e+001	-5.51916470e-002	
1.72146194e+001	-5.02908970e-002	
1.73697061e+001	-4.53901470e-002	
1.75247928e+001	-3.94973596e-002	
1.76798794e+001	-3.41031037e-002	
1.78349661e+001	-3.02727964e-002	
1.79900527e+001	-2.65995222e-002	
1.81451394e+001	-2.31165695e-002	
1.83002261e+001	-1.88364789e-002	
1.84553127e+001	-1.49778237e-002	
1.86103994e+001	-1.21775347e-002	
1.87654860e+001	-9.37724579e-003	
1.89205727e+001	-6.69390099e-003	
1.90756594e+001	-4.46058678e-003	
1.92307460e+001	-2.22727258e-003	
1.93858327e+001	3.28436758e-004	
1.95409194e+001	8.75289463e-004	
1.96960060e+001	1.42214217e-003	
1.98510927e+001	1.96899487e-003	
2.00061793e+001	1.75205078e-003	
2.01612660e+001	1.42870710e-003	
2.03163527e+001	9.92491640e-004	
2.04714393e+001	6.96884903e-004	
2.06265260e+001	5.04797799e-004	
2.07816126e+001	5.12645826e-004	
2.09366993e+001	2.94017876e-004	
2.10917860e+001	3.22292123e-005	
2.12468726e+001	3.20031865e-005	
2.14019593e+001	5.45540055e-005	
2.15570460e+001	2.70839781e-005	
2.17121326e+001	1.17023021e-005	
2.18672193e+001	-6.26442958e-006	
2.20223059e+001	-2.71624681e-005	
2.21773926e+001	-4.80605066e-005	
2.23324793e+001	-6.00389597e-005	
2.24875659e+001	-5.51480155e-005	
2.26426526e+001	-5.02570712e-005	
2.27977392e+001	-4.70826247e-005	
2.29528259e+001	-4.98930020e-005	
2.31079126e+001	-4.93681551e-005	
2.32629992e+001	-4.50222398e-005	
2.34180859e+001	-4.33794210e-005	
2.35731726e+001	-4.17366022e-005	
2.37282592e+001	-4.00937834e-005	
2.38833459e+001	-3.97031138e-005	
2.40384325e+001	-3.89497429e-005	
2.41935192e+001	-3.76451355e-005	
2.43486059e+001	-3.63764316e-005	
2.45036925e+001	-3.55339807e-005	
2.46587792e+001	-3.57066739e-005	
2.48138658e+001	-3.64025421e-005	
2.49689525e+001	-3.72907065e-005	
2.51240392e+001	-3.81788710e-005	
2.52791258e+001	-3.94197941e-005	
2.54342125e+001	-4.18670871e-005	
2.55892992e+001	-4.45920630e-005	
2.57443858e+001	-4.73170360e-005	
2.58994725e+001	-5.00420145e-005	
2.60545591e+001	-5.27669929e-005	
2.62096458e+001	-5.58283737e-005	
2.63647325e+001	-5.94813609e-005	
2.65198191e+001	-6.26717542e-005	
2.66749058e+001	-6.55684571e-005	
2.68299924e+001	-6.78976487e-005	
2.69850791e+001	-6.80068652e-005	
2.71401658e+001	-6.56603133e-005	
2.72952524e+001	-6.44493720e-005	
2.74503391e+001	-6.24464197e-005	
2.76054258e+001	-5.98089483e-005	
2.77605124e+001	-5.78841523e-005	
2.79155991e+001	-5.61262704e-005	
2.80706857e+001	-5.45816886e-005	
2.82257724e+001	-5.35343531e-005	
2.83808591e+001	-5.25601933e-005	
2.85359457e+001	-5.15847321e-005	
2.86910324e+001	-5.07548753e-005	
2.88461190e+001	-4.98670735e-005	
2.90012057e+001	-4.85123488e-005	
2.91562924e+001	-4.59636012e-005	
2.93113790e+001	-4.46079840e-005	
2.94664657e+001	-3.86373705e-005	
2.96215524e+001	-3.31100102e-005	
2.97766390e+001	-2.80222244e-005	
2.99317257e+001	-2.24079488e-005	
3.00868123e+001	-1.66436294e-005	
3.02418990e+001	-1.06880792e-005	
3.03969857e+001	-4.35970776e-006	
3.05520723e+001	1.58241722e-006	
3.07071590e+001	6.16217124e-006	
3.08622457e+001	1.07419253e-005	
3.10173323e+001	1.58700971e-005	
3.11724190e+001	2.07006269e-005	
3.13275056e+001	2.38799573e-005	
3.14825923e+001	2.58164346e-005	
3.16376790e+001	2.71155172e-005	
3.17927656e+001	2.80503485e-005	
3.19478523e+001	2.85381057e-005	
3.21029389e+001	2.94155318e-005	
3.22580256e+001	3.01734739e-005	
3.24131123e+001	3.05823285e-005	
3.25681989e+001	3.08124303e-005	
3.27232856e+001	3.09316904e-005	
3.28783723e+001	3.08320247e-005	
3.30334589e+001	3.06585565e-005	
3.31885456e+001	3.00846318e-005	
3.33436322e+001	2.95107070e-005	
3.34987189e+001	2.81488892e-005	
3.36538056e+001	2.60561310e-005	
3.38088922e+001	2.32048070e-005	
3.39639789e+001	2.04560884e-005	
3.41190655e+001	1.79156461e-005	
3.42741522e+001	1.47057056e-005	
3.44292389e+001	1.14714578e-005	
3.45843255e+001	8.52650010e-006	
3.47394122e+001	5.89713937e-006	
3.48944989e+001	3.81544583e-006	
3.50495855e+001	8.18727337e-007	
3.52046722e+001	-2.19163132e-006	
3.53597588e+001	-5.19628490e-006	
3.55148455e+001	-7.65333689e-006	
3.56699322e+001	-1.05400543e-005	
3.58250188e+001	-1.39198862e-005	
3.59801055e+001	-1.67082367e-005	
3.61351921e+001	-1.96087996e-005	
3.62902788e+001	-2.28448114e-005	
3.64453655e+001	-2.61766346e-005	
3.66004521e+001	-2.95672375e-005	
3.67555388e+001	-3.30712960e-005	
3.69106255e+001	-3.64649437e-005	
3.70657121e+001	-4.06473690e-005	
3.72207988e+001	-4.46460182e-005	
3.73758854e+001	-4.93036845e-005	
3.75309721e+001	-5.45331741e-005	
3.76860588e+001	-5.87625439e-005	
3.78411454e+001	-6.24541529e-005	
3.79962321e+001	-6.54179459e-005	
3.81513187e+001	-6.72954720e-005	
3.83064054e+001	-6.83219175e-005	
3.84614921e+001	-6.77268947e-005	
3.86165787e+001	-6.55725696e-005	
3.87716654e+001	-6.20441314e-005	
3.89267521e+001	-5.81424545e-005	
3.90818387e+001	-5.30094920e-005	
3.92369254e+001	-4.70622543e-005	
3.93920120e+001	-4.08728082e-005	
3.95470987e+001	-3.52657344e-005	
3.97021854e+001	-3.02837996e-005	
3.98572720e+001	-2.51797122e-005	
4.00123587e+001	-2.00471829e-005	
4.01674453e+001	-1.48826784e-005	
4.03225320e+001	-9.41065380e-006	
4.04776187e+001	-3.92709526e-006	
4.06327053e+001	1.34224029e-006	
4.07877920e+001	6.82656547e-006	
4.09428787e+001	1.14926162e-005	
4.10979653e+001	1.61586669e-005	
4.12530520e+001	2.11467752e-005	
4.14081386e+001	2.63961732e-005	
4.15632253e+001	3.17323296e-005	
4.17183120e+001	3.69075620e-005	
4.18733986e+001	4.18676721e-005	
4.20284853e+001	4.63038246e-005	
4.21835719e+001	5.00355593e-005	
4.23386586e+001	5.23525431e-005	
4.24937453e+001	5.42193705e-005	
4.26488319e+001	5.63301738e-005	
4.28039186e+001	5.57189726e-005	
4.29590053e+001	5.39290937e-005	
4.31140919e+001	5.13682048e-005	
4.32691786e+001	4.79624470e-005	
4.34242652e+001	4.45313830e-005	
4.35793519e+001	4.10749110e-005	
4.37344386e+001	3.71443080e-005	
4.38895252e+001	3.32172500e-005	
4.40446119e+001	2.93485231e-005	
4.41996985e+001	2.63438917e-005	
4.43547852e+001	2.35359489e-005	
4.45098719e+001	2.07280061e-005	
4.46649585e+001	1.80109443e-005	
4.48200452e+001	1.46993877e-005	
4.49751319e+001	1.16553121e-005	
4.51302185e+001	8.72754402e-006	
4.52853052e+001	5.88888777e-006	
4.54403918e+001	3.17551044e-006	
4.55954785e+001	5.51030657e-007	
4.57505652e+001	-1.96294525e-006	
4.59056518e+001	-4.47692116e-006	
4.60607385e+001	-7.21485390e-006	
4.62158251e+001	-1.04223639e-005	
4.63709118e+001	-1.32220417e-005	
4.65259985e+001	-1.54691839e-005	
4.66810851e+001	-1.78089475e-005	
4.68361718e+001	-2.01043116e-005	
4.69912585e+001	-2.22454420e-005	
4.71463451e+001	-2.28407841e-005	
4.73014318e+001	-2.37803454e-005	
4.74565184e+001	-2.50432633e-005	
4.76116051e+001	-2.49701003e-005	
4.77666918e+001	-2.48327662e-005	
4.79217784e+001	-2.46954322e-005	
4.80768651e+001	-2.44626990e-005	
4.82319517e+001	-2.41737125e-005	
4.83870384e+001	-2.37848852e-005	
4.85421251e+001	-2.33366911e-005	
4.86972117e+001	-2.30002854e-005	
4.88522984e+001	-2.26638796e-005	
4.90073851e+001	-2.23560452e-005	
4.91624717e+001	-2.20648549e-005	
4.93175584e+001	-2.16271330e-005	
4.94726450e+001	-2.11507247e-005	
4.96277317e+001	-2.06293649e-005	
4.97828184e+001	-1.97216007e-005	
4.99379050e+001	-1.85777119e-005	
5.00929917e+001	-1.70571460e-005	
5.02480783e+001	-1.51617512e-005	
5.04031650e+001	-1.25587135e-005	
5.05582517e+001	-9.53498571e-006	
5.07133383e+001	-6.23427201e-006	
5.08684250e+001	-2.88774589e-006	
5.10235117e+001	-5.07410007e-007	
5.11785983e+001	2.23076877e-006	
5.13336850e+001	5.28336326e-006	
5.14887716e+001	6.25228682e-006	
5.16438583e+001	7.15861741e-006	
5.17989450e+001	8.06494800e-006	
5.19540316e+001	8.80797449e-006	
5.21091183e+001	9.30219756e-006	
5.22642049e+001	9.24964678e-006	
5.24192916e+001	1.04088835e-005	
5.25743783e+001	1.07661036e-005	
5.27294649e+001	1.11644348e-005	
5.28845516e+001	1.16457404e-005	
5.30396383e+001	1.21818898e-005	
5.31947249e+001	1.27180391e-005	
5.33498116e+001	1.33477493e-005	
5.35048982e+001	1.40791628e-005	
5.36599849e+001	1.48105763e-005	
5.38150716e+001	1.55433840e-005	
5.39701582e+001	1.62787284e-005	
5.41252449e+001	1.64317768e-005	
5.42803315e+001	1.69416876e-005	
5.44354182e+001	1.59924552e-005	
5.45905049e+001	1.45699029e-005	
5.47455915e+001	1.28869657e-005	
5.49006782e+001	1.09684929e-005	
5.50557649e+001	7.98740571e-006	
5.52108515e+001	4.13324064e-006	
5.53659382e+001	2.00483062e-006	
5.55210248e+001	-1.01732034e-007	
5.56761115e+001	-2.20829469e-006	
5.58311982e+001	-4.50523470e-006	
5.59862848e+001	-6.46451651e-006	
5.61413715e+001	-7.57897525e-006	
5.62964581e+001	-8.06316623e-006	
5.64515448e+001	-8.54563012e-006	
5.66066315e+001	-8.72533861e-006	
5.67617181e+001	-8.70027604e-006	
5.69168048e+001	-8.54904702e-006	
5.70718915e+001	-8.39781799e-006	
5.72269781e+001	-8.12728541e-006	
5.73820648e+001	-7.73545217e-006	
5.75371514e+001	-7.36746047e-006	
5.76922381e+001	-7.00359578e-006	
5.78473248e+001	-6.64386000e-006	
5.80024114e+001	-6.28412422e-006	
5.81574981e+001	-5.81800800e-006	
5.83125847e+001	-5.30510021e-006	
5.84676714e+001	-4.85093324e-006	
5.86227581e+001	-4.43803666e-006	
5.87778447e+001	-4.12610166e-006	
5.89329314e+001	-3.81416665e-006	
5.90880181e+001	-3.50250787e-006	
5.92431047e+001	-3.25788687e-006	
5.93981914e+001	-3.01326588e-006	
5.95532780e+001	-2.76864489e-006	
5.97083647e+001	-2.77878026e-006	
5.98634514e+001	-2.99122169e-006	
6.00185380e+001	-3.56096711e-006	
6.01736247e+001	-4.30760364e-006	
6.03287113e+001	-5.37128112e-006	
6.04837980e+001	-6.43495861e-006	
6.06388847e+001	-8.20086610e-006	
6.07939713e+001	-1.03696874e-005	
6.09490580e+001	-1.25385087e-005	
6.11041447e+001	-1.50176778e-005	
6.12592313e+001	-1.77920622e-005	
6.14143180e+001	-1.96626902e-005	
6.15694046e+001	-2.14724296e-005	
6.17244913e+001	-2.32596572e-005	
6.18795780e+001	-2.38669528e-005	
6.20346646e+001	-2.33203107e-005	
6.21897513e+001	-2.30874132e-005	
6.23448379e+001	-2.23790474e-005	
6.24999246e+001	-2.14324806e-005	
6.26550113e+001	-2.02509574e-005	
6.28100979e+001	-1.92236750e-005	
6.29651846e+001	-1.83153854e-005	
6.31202713e+001	-1.77995247e-005	
6.32753579e+001	-1.72836640e-005	
6.34304446e+001	-1.67678033e-005	
6.35855312e+001	-1.63944252e-005	
6.37406179e+001	-1.61205501e-005	
6.38957046e+001	-1.60109607e-005	
6.40507912e+001	-1.51250153e-005	
6.42058779e+001	-1.52407716e-005	
6.43609645e+001	-1.53913555e-005	
6.45160512e+001	-1.53450066e-005	
6.46711379e+001	-1.50487731e-005	
6.48262245e+001	-1.32994070e-005	
6.49813112e+001	-1.15011552e-005	
6.51363979e+001	-9.65939833e-006	
6.52914845e+001	-7.81764149e-006	
6.54465712e+001	-5.45549947e-006	
6.56016578e+001	-2.33282331e-006	
6.57567445e+001	7.93040299e-007	
6.59118312e+001	3.75920442e-006	
6.60669178e+001	5.06229838e-006	
6.62220045e+001	6.36539234e-006	
6.63770911e+001	7.64854158e-006	
6.65321778e+001	8.82729040e-006	
6.66872645e+001	9.52104171e-006	
6.68423511e+001	9.89325836e-006	
6.69974378e+001	1.03477449e-005	
6.71525245e+001	1.07520176e-005	
6.73076111e+001	1.11010163e-005	
6.74626978e+001	1.14655758e-005	
6.76177844e+001	1.17964829e-005	
6.77728711e+001	1.20630732e-005	
6.79279578e+001	1.25344092e-005	
6.80830444e+001	1.29356155e-005	
6.82381311e+001	1.33121495e-005	
6.83932177e+001	1.34812614e-005	
6.85483044e+001	1.35352359e-005	
6.87033911e+001	1.34860695e-005	
6.88584777e+001	1.31551560e-005	
6.90135644e+001	1.25898021e-005	
6.91686511e+001	1.20244482e-005	
6.93237377e+001	1.09394134e-005	
6.94788244e+001	9.14525822e-006	
6.96339110e+001	7.09258259e-006	
6.97889977e+001	5.30874720e-006	
6.99440844e+001	3.13394116e-006	
7.00991710e+001	6.90672787e-007	
7.02542577e+001	-1.80800447e-006	
7.04093443e+001	-4.12252241e-006	
7.05644310e+001	-6.69858502e-006	
7.07195177e+001	-9.43476442e-006	
7.08746043e+001	-1.21153455e-005	
7.10296910e+001	-1.48432037e-005	
7.11847777e+001	-1.76197400e-005	
7.13398643e+001	-2.02754653e-005	
7.14949510e+001	-2.30839371e-005	
7.16500376e+001	-2.61679168e-005	
7.18051243e+001	-2.91279285e-005	
7.19602110e+001	-3.24614750e-005	
7.21152976e+001	-3.52626120e-005	
7.22703843e+001	-3.88858375e-005	
7.24254709e+001	-4.28566835e-005	
7.25805576e+001	-4.66177209e-005	
7.27356443e+001	-5.05325879e-005	
7.28907309e+001	-5.45665530e-005	
7.30458176e+001	-5.80748185e-005	
7.32009043e+001	-6.11856509e-005	
7.33559909e+001	-6.37897915e-005	
7.35110776e+001	-6.49294714e-005	
7.36661642e+001	-6.42266386e-005	
7.38212509e+001	-6.27602066e-005	
7.39763376e+001	-6.00892669e-005	
7.41314242e+001	-5.68278526e-005	
7.42865109e+001	-5.27339753e-005	
7.44415975e+001	-4.77928211e-005	
7.45966842e+001	-4.23708673e-005	
7.47517709e+001	-3.71054864e-005	
7.49068575e+001	-3.18743561e-005	
7.50619442e+001	-2.66762167e-005	
7.52170309e+001	-2.15913342e-005	
7.53721175e+001	-1.61399172e-005	
7.55272042e+001	-1.00966906e-005	
7.56822908e+001	-5.12502591e-006	
7.58373775e+001	-1.12980408e-006	
7.59924642e+001	2.86541774e-006	
7.61475508e+001	8.68221141e-006	
7.63026375e+001	1.50249107e-005	
7.64577241e+001	1.98579450e-005	
7.66128108e+001	2.49947522e-005	
7.67678975e+001	3.03474786e-005	
7.69229841e+001	3.54329106e-005	
7.70780708e+001	4.07399156e-005	
7.72331575e+001	4.63109887e-005	
7.73882441e+001	5.00891270e-005	
7.75433308e+001	5.39360403e-005	
7.76984174e+001	5.66695552e-005	
7.78535041e+001	5.78838468e-005	
7.80085908e+001	5.81209274e-005	
7.81636774e+001	5.63758963e-005	
7.83187641e+001	5.34697271e-005	
7.84738507e+001	4.99681600e-005	
7.86289374e+001	4.68076328e-005	
7.87840241e+001	4.36471055e-005	
7.89391107e+001	4.04865782e-005	
7.90941974e+001	3.51769341e-005	
7.92492841e+001	3.05100507e-005	
7.94043707e+001	2.69116872e-005	
7.95594574e+001	2.40561061e-005	
7.97145440e+001	2.07318740e-005	
7.98696307e+001	1.74986484e-005	
8.00247174e+001	1.43311747e-005	
8.01798040e+001	1.11485823e-005	
8.03348907e+001	7.74712002e-006	
8.04899773e+001	4.87054038e-006	
8.06450640e+001	2.34999931e-006	
8.08001507e+001	-1.70541760e-007	
8.09552373e+001	-3.02488641e-006	
8.11103240e+001	-6.25126734e-006	
8.12654107e+001	-9.45703946e-006	
8.14204973e+001	-1.20102556e-005	
8.15755840e+001	-1.48057602e-005	
8.17306706e+001	-1.80988274e-005	
8.18857573e+001	-2.13892351e-005	
8.20408440e+001	-2.42164495e-005	
8.21959306e+001	-2.76471356e-005	
8.23510173e+001	-3.12877284e-005	
8.25061039e+001	-3.41264383e-005	
8.26611906e+001	-3.66650162e-005	
8.28162773e+001	-3.89507005e-005	
8.29713639e+001	-4.02052004e-005	
8.31264506e+001	-4.11885523e-005	
8.32815373e+001	-4.18243987e-005	
8.34366239e+001	-4.16395164e-005	
8.35917106e+001	-4.15962687e-005	
8.37467972e+001	-4.15530211e-005	
8.39018839e+001	-4.12406255e-005	
8.40569706e+001	-4.07952533e-005	
8.42120572e+001	-4.01782338e-005	
8.43671439e+001	-3.94504508e-005	
8.45222305e+001	-3.86160003e-005	
8.46773172e+001	-3.71010100e-005	
8.48324039e+001	-3.48901520e-005	
8.49874905e+001	-3.19538214e-005	
8.51425772e+001	-2.89457954e-005	
8.52976639e+001	-2.46533328e-005	
8.54527505e+001	-1.95700838e-005	
8.56078372e+001	-1.33373303e-005	
8.57629238e+001	-7.09935530e-006	
8.59180105e+001	-1.70797108e-006	
8.60730972e+001	5.23884876e-006	
8.62281838e+001	1.26206830e-005	
8.63832705e+001	1.78978141e-005	
8.65383571e+001	2.31749453e-005	
8.66934438e+001	2.84520764e-005	
8.68485305e+001	3.19146507e-005	
8.70036171e+001	3.53734152e-005	
8.71587038e+001	3.88321797e-005	
8.73137905e+001	4.28475073e-005	
8.74688771e+001	4.48475913e-005	
8.76239638e+001	4.56683916e-005	
8.77790504e+001	4.65926579e-005	
8.79341371e+001	4.75043834e-005	
8.80892238e+001	4.82180376e-005	
8.82443104e+001	4.96872769e-005	
8.83993971e+001	5.16252828e-005	
8.85544838e+001	5.38855698e-005	
8.87095704e+001	5.55268957e-005	
8.88646571e+001	5.65645661e-005	
8.90197437e+001	5.83357049e-005	
8.91748304e+001	6.08043305e-005	
8.93299171e+001	6.07670432e-005	
8.94850037e+001	5.87443537e-005	
8.96400904e+001	5.62631091e-005	
8.97951770e+001	5.37015610e-005	
8.99502637e+001	5.11400129e-005	
9.01053504e+001	4.83729264e-005	
9.02604370e+001	4.43165770e-005	
9.04155237e+001	4.08563368e-005	
9.05706104e+001	3.78393372e-005	
9.07256970e+001	3.51278294e-005	
9.08807837e+001	3.25558292e-005	
9.10358703e+001	3.01521926e-005	
9.11909570e+001	2.89743947e-005	
9.13460437e+001	2.74994480e-005	
9.15011303e+001	2.65298047e-005	
9.16562170e+001	2.61787934e-005	
9.18113036e+001	2.61587201e-005	
9.19663903e+001	2.66924654e-005	
9.21214770e+001	2.81080553e-005	
9.22765636e+001	2.98263120e-005	
9.24316503e+001	2.95811695e-005	
9.25867370e+001	3.01814811e-005	
9.27418236e+001	3.15530703e-005	
9.28969103e+001	3.22595598e-005	
9.30519969e+001	3.81941059e-005	
9.32070836e+001	4.63930660e-005	
9.33621703e+001	3.69649259e-005	
9.35172569e+001	2.80326359e-005	
9.36723436e+001	2.92485977e-005	
9.38274302e+001	3.04645595e-005	
9.39825169e+001	3.23856301e-005	
9.41376036e+001	3.81746261e-005	
9.42926902e+001	3.49412409e-005	
9.44477769e+001	2.66791524e-005	
9.46028636e+001	5.47120154e-005	
9.47579502e+001	2.10182296e-005	
9.49130369e+001	-8.23427162e-005	
9.50681235e+001	-6.57271768e-005	
9.52232102e+001	-9.90600908e-005	
9.53782969e+001	-1.68510970e-004	
9.55333835e+001	-3.48110058e-004	
9.56884702e+001	-5.85243144e-004	
9.58435568e+001	-9.17459246e-004	
9.59986435e+001	-1.27888616e-003	
9.61537302e+001	-1.64807191e-003	
9.63088168e+001	-1.95387304e-003	
9.64639035e+001	-1.93573439e-003	
9.66189902e+001	-1.64118194e-003	
9.67740768e+001	-8.82427953e-004	
9.69291635e+001	8.70055376e-004	
9.70842501e+001	2.87104589e-003	
9.72393368e+001	5.44855879e-003	
9.73944235e+001	8.11500501e-003	
9.75495101e+001	1.07605751e-002	
9.77045968e+001	1.40212240e-002	
9.78596834e+001	1.75101192e-002	
9.80147701e+001	2.10154408e-002	
9.81698568e+001	2.45732526e-002	
9.83249434e+001	2.82010104e-002	
9.84800301e+001	3.25500251e-002	
9.86351168e+001	3.69789844e-002	
9.87902034e+001	4.14923418e-002	
9.89452901e+001	4.71247319e-002	
9.91003767e+001	5.23562274e-002	
9.92554634e+001	5.80191544e-002	
9.94105501e+001	6.44268030e-002	
9.95656367e+001	7.16513452e-002	
9.97207234e+001	8.08740267e-002	
9.98758100e+001	8.98876463e-002	
1.00030897e+002	9.88024879e-002	
1.00185983e+002	1.07717329e-001	
1.00341070e+002	1.19125658e-001	
1.00496157e+002	1.32523153e-001	
1.00651243e+002	1.44765875e-001	
1.00806330e+002	1.58917124e-001	
1.00961417e+002	1.73531997e-001	
1.01116503e+002	1.85011843e-001	
1.01271590e+002	1.96962174e-001	
1.01426677e+002	2.10981134e-001	
1.01581763e+002	2.24453940e-001	
1.01736850e+002	2.36429212e-001	
1.01891937e+002	2.42708340e-001	
1.02047023e+002	2.48987468e-001	
1.02202110e+002	2.55147553e-001	
1.02357197e+002	2.59583575e-001	
1.02512283e+002	2.62552365e-001	
1.02667370e+002	2.64072137e-001	
1.02822457e+002	2.64904357e-001	
1.02977543e+002	2.65374535e-001	
1.03132630e+002	2.65844714e-001	
1.03287717e+002	2.66053363e-001	
1.03442803e+002	2.66171632e-001	
1.03597890e+002	2.66196119e-001	
1.03752977e+002	2.65789661e-001	
1.03908063e+002	2.65169043e-001	
1.04063150e+002	2.64382407e-001	
1.04218237e+002	2.62894360e-001	
1.04373323e+002	2.60883400e-001	
1.04528410e+002	2.58872439e-001	
1.04683497e+002	2.56389468e-001	
1.04838583e+002	2.52348343e-001	
1.04993670e+002	2.43371340e-001	
1.05148757e+002	2.34579012e-001	
1.05303843e+002	2.27440532e-001	
1.05458930e+002	2.20302053e-001	
1.05614017e+002	2.12238753e-001	
1.05769103e+002	2.00570716e-001	
1.05924190e+002	1.92585616e-001	
1.06079277e+002	1.86698726e-001	
1.06234363e+002	1.81386348e-001	
1.06389450e+002	1.76492152e-001	
1.06544536e+002	1.71984288e-001	
1.06699623e+002	1.69162522e-001	
1.06854710e+002	1.66655519e-001	
1.07009796e+002	1.65072401e-001	
1.07164883e+002	1.64194928e-001	
1.07319970e+002	1.63773007e-001	
1.07475056e+002	1.64189948e-001	
1.07630143e+002	1.65770464e-001	
1.07785230e+002	1.67820488e-001	
1.07940316e+002	1.69870511e-001	
1.08095403e+002	1.73394657e-001	
1.08250490e+002	1.77957490e-001	
1.08405576e+002	1.82952960e-001	
1.08560663e+002	1.88219791e-001	
1.08715750e+002	1.95014272e-001	
1.08870836e+002	2.03836922e-001	
1.09025923e+002	2.12616188e-001	
1.09181010e+002	2.20907143e-001	
1.09336096e+002	2.30965421e-001	
1.09491183e+002	2.40405539e-001	
1.09646270e+002	2.45929282e-001	
1.09801356e+002	2.51453026e-001	
1.09956443e+002	2.56777241e-001	
1.10111530e+002	2.60263235e-001	
1.10266616e+002	2.62664886e-001	
1.10421703e+002	2.64129611e-001	
1.10576790e+002	2.64831394e-001	
1.10731876e+002	2.65572810e-001	
1.10886963e+002	2.66072868e-001	
1.11042050e+002	2.66272281e-001	
1.11197136e+002	2.66376595e-001	
1.11352223e+002	2.66376176e-001	
1.11507310e+002	2.66393824e-001	
1.11662396e+002	2.66428357e-001	
1.11817483e+002	2.66513386e-001	
1.11972570e+002	2.66517156e-001	
1.12127656e+002	2.66454660e-001	
1.12282743e+002	2.66104529e-001	
1.12437830e+002	2.66185051e-001	
1.12592916e+002	2.66593330e-001	
1.12748003e+002	2.65876811e-001	
1.12903090e+002	2.65014268e-001	
1.13058176e+002	2.64061730e-001	
1.13213263e+002	2.63109192e-001	
1.13368350e+002	2.61591650e-001	
1.13523436e+002	2.58260085e-001	
1.13678523e+002	2.54390430e-001	
1.13833610e+002	2.49667198e-001	
1.13988696e+002	2.40340618e-001	
1.14143783e+002	2.32315717e-001	
1.14298870e+002	2.25342500e-001	
1.14453956e+002	2.17285029e-001	
1.14609043e+002	2.07876340e-001	
1.14764130e+002	1.97677864e-001	
1.14919216e+002	1.90307265e-001	
1.15074303e+002	1.83980680e-001	
1.15229390e+002	1.79044442e-001	
1.15384476e+002	1.74455286e-001	
1.15539563e+002	1.70380392e-001	
1.15694650e+002	1.68057260e-001	
1.15849736e+002	1.66082023e-001	
1.16004823e+002	1.64403212e-001	
1.16159910e+002	1.64034912e-001	
1.16314996e+002	1.64083043e-001	
1.16470083e+002	1.64547605e-001	
1.16625169e+002	1.65971408e-001	
1.16780256e+002	1.67955840e-001	
1.16935343e+002	1.70762626e-001	
1.17090429e+002	1.74345171e-001	
1.17245516e+002	1.78821483e-001	
1.17400603e+002	1.85405889e-001	
1.17555689e+002	1.92392556e-001	
1.17710776e+002	1.99619070e-001	
1.17865863e+002	2.07251763e-001	
1.18020949e+002	2.14884456e-001	
1.18176036e+002	2.21782381e-001	
1.18331123e+002	2.31749266e-001	
1.18486209e+002	2.41122011e-001	
1.18641296e+002	2.49759306e-001	
1.18796383e+002	2.54627238e-001	
1.18951469e+002	2.58600295e-001	
1.19106556e+002	2.61723863e-001	
1.19261643e+002	2.63124600e-001	
1.19416729e+002	2.63988737e-001	
1.19571816e+002	2.64852874e-001	
1.19726903e+002	2.65713448e-001	
1.19881989e+002	2.66499656e-001	
1.20037076e+002	2.66431917e-001	
1.20192163e+002	2.66380054e-001	
1.20347249e+002	2.66465071e-001	
1.20502336e+002	2.66550087e-001	
1.20657423e+002	2.66568563e-001	
1.20812509e+002	2.66484590e-001	
1.20967596e+002	2.66302123e-001	
1.21122683e+002	2.66158761e-001	
1.21277769e+002	2.66174111e-001	
1.21432856e+002	2.66189461e-001	
1.21587943e+002	2.66071156e-001	
1.21743029e+002	2.65182853e-001	
1.21898116e+002	2.64476305e-001	
1.22053203e+002	2.64103061e-001	
1.22208289e+002	2.62689767e-001	
1.22363376e+002	2.60445142e-001	
1.22518463e+002	2.57238389e-001	
1.22673549e+002	2.52773463e-001	
1.22828636e+002	2.46684322e-001	
1.22983723e+002	2.37715417e-001	
1.23138809e+002	2.28813009e-001	
1.23293896e+002	2.19929483e-001	
1.23448983e+002	2.11045957e-001	
1.23604069e+002	2.03716965e-001	
1.23759156e+002	1.97202354e-001	
1.23914243e+002	1.90687742e-001	
1.24069329e+002	1.84400854e-001	
1.24224416e+002	1.77195281e-001	
1.24379503e+002	1.73113469e-001	
1.24534589e+002	1.70018912e-001	
1.24689676e+002	1.68212757e-001	
1.24844763e+002	1.66406602e-001	
1.24999849e+002	1.64816182e-001	
1.25154936e+002	1.63760403e-001	
1.25310023e+002	1.64570178e-001	
1.25465109e+002	1.65911219e-001	
1.25620196e+002	1.66375871e-001	
1.25775283e+002	1.68785306e-001	
1.25930369e+002	1.72155163e-001	
1.26085456e+002	1.76471717e-001	
1.26240543e+002	1.81314730e-001	
1.26395629e+002	1.86727603e-001	
1.26550716e+002	1.92898432e-001	
1.26705802e+002	2.00782468e-001	
1.26860889e+002	2.11627692e-001	
1.27015976e+002	2.20078629e-001	
1.27171062e+002	2.27915280e-001	
1.27326149e+002	2.35751931e-001	
1.27481236e+002	2.42487482e-001	
1.27636322e+002	2.48687780e-001	
1.27791409e+002	2.54888078e-001	
1.27946496e+002	2.58885741e-001	
1.28101582e+002	2.61949837e-001	
1.28256669e+002	2.63464502e-001	
1.28411756e+002	2.64599756e-001	
1.28566842e+002	2.65250106e-001	
1.28721929e+002	2.65712773e-001	
1.28877016e+002	2.66004565e-001	
1.29032102e+002	2.65972082e-001	
1.29187189e+002	2.65939600e-001	
1.29342276e+002	2.65883263e-001	
1.29497362e+002	2.65719219e-001	
1.29652449e+002	2.65000863e-001	
1.29807536e+002	2.63559917e-001	
1.29962622e+002	2.61358179e-001	
1.30117709e+002	2.59156441e-001	
1.30272796e+002	2.56954703e-001	
1.30427882e+002	2.50915223e-001	
1.30582969e+002	2.43916109e-001	
1.30738056e+002	2.35754031e-001	
1.30893142e+002	2.23135743e-001	
1.31048229e+002	2.09639762e-001	
1.31203316e+002	1.96593321e-001	
1.31358402e+002	1.84618023e-001	
1.31513489e+002	1.72755088e-001	
1.31668576e+002	1.58375650e-001	
1.31823662e+002	1.44400464e-001	
1.31978749e+002	1.32314361e-001	
1.32133836e+002	1.20576445e-001	
1.32288922e+002	1.08838560e-001	
1.32444009e+002	9.71007665e-002	
1.32599096e+002	8.78027297e-002	
1.32754182e+002	7.93177763e-002	
1.32909269e+002	7.18649995e-002	
1.33064356e+002	6.45343524e-002	
1.33219442e+002	5.76981589e-002	
1.33374529e+002	5.27089338e-002	
1.33529616e+002	4.77197086e-002	
1.33684702e+002	4.20358973e-002	
1.33839789e+002	3.70110987e-002	
1.33994876e+002	3.22971554e-002	
1.34149962e+002	2.78776705e-002	
1.34305049e+002	2.44246986e-002	
1.34460136e+002	2.10119543e-002	
1.34615222e+002	1.75860826e-002	
1.34770309e+002	1.41440937e-002	
1.34925396e+002	1.09046658e-002	
1.35080482e+002	8.22842068e-003	
1.35235569e+002	5.31405511e-003	
1.35390656e+002	2.55947923e-003	
1.35545742e+002	1.33372184e-003	
1.35700829e+002	-4.47605609e-004	
1.35855916e+002	-1.80497947e-003	
1.36011002e+002	-1.77364821e-003	
1.36166089e+002	-1.67855302e-003	
1.36321176e+002	-1.50872812e-003	
1.36476262e+002	-1.25376805e-003	
1.36631349e+002	-9.54501050e-004	
1.36786435e+002	-5.87026379e-004	
1.36941522e+002	-3.54665342e-004	
1.37096609e+002	-1.59239066e-004	
1.37251695e+002	4.37276082e-005	
1.37406782e+002	4.28423805e-005	
1.37561869e+002	-9.18738544e-005	
1.37716955e+002	-2.52295807e-005	
1.37872042e+002	1.64781877e-005	
1.38027129e+002	3.60931752e-005	
1.38182215e+002	3.87308924e-005	
1.38337302e+002	4.08215283e-005	
1.38492389e+002	4.29121642e-005	
1.38647475e+002	4.23283169e-005	
1.38802562e+002	4.12579382e-005	
1.38957649e+002	4.01875595e-005	
1.39112735e+002	4.08948899e-005	
1.39267822e+002	4.08471089e-005	
1.39422909e+002	3.33372293e-005	
1.39577995e+002	2.92434651e-005	
1.39733082e+002	3.10688849e-005	
1.39888169e+002	3.05456259e-005	
1.40043255e+002	2.94461730e-005	
1.40198342e+002	2.77152911e-005	
1.40353429e+002	2.59844092e-005	
1.40508515e+002	2.48493554e-005	
1.40663602e+002	2.48009079e-005	
1.40818689e+002	2.47524604e-005	
1.40973775e+002	2.49471676e-005	
1.41128862e+002	2.59502766e-005	
1.41283949e+002	2.77918918e-005	
1.41439035e+002	2.94192919e-005	
1.41594122e+002	3.16306750e-005	
1.41749209e+002	3.38420581e-005	
1.41904295e+002	3.60534411e-005	
1.42059382e+002	3.93906805e-005	
1.42214469e+002	4.33443952e-005	
1.42369555e+002	4.81131051e-005	
1.42524642e+002	5.07717975e-005	
1.42679729e+002	5.30941190e-005	
1.42834815e+002	5.54164405e-005	
1.42989902e+002	5.78115044e-005	
1.43144989e+002	5.98811190e-005	
1.43300075e+002	6.03309753e-005	
1.43455162e+002	5.83119773e-005	
1.43610249e+002	5.68837911e-005	
1.43765335e+002	5.45678946e-005	
1.43920422e+002	5.23611884e-005	
1.44075509e+002	5.02664242e-005	
1.44230595e+002	4.86306004e-005	
1.44385682e+002	4.71861741e-005	
1.44540769e+002	4.60099227e-005	
1.44695855e+002	4.55427600e-005	
1.44850942e+002	4.49259111e-005	
1.45006029e+002	4.33482480e-005	
1.45161115e+002	4.12071321e-005	
1.45316202e+002	3.74848526e-005	
1.45471289e+002	3.53632471e-005	
1.45626375e+002	3.21525395e-005	
1.45781462e+002	2.80951786e-005	
1.45936549e+002	2.25353241e-005	
1.46091635e+002	1.65575991e-005	
1.46246722e+002	1.00494005e-005	
1.46401809e+002	4.72672464e-006	
1.46556895e+002	-1.25218833e-006	
1.46711982e+002	-8.99031547e-006	
1.46867068e+002	-1.48474750e-005	
1.47022155e+002	-2.01624582e-005	
1.47177242e+002	-2.57423640e-005	
1.47332328e+002	-3.06949161e-005	
1.47487415e+002	-3.43219660e-005	
1.47642502e+002	-3.64659530e-005	
1.47797588e+002	-3.85004512e-005	
1.47952675e+002	-4.04299218e-005	
1.48107762e+002	-4.08943475e-005	
1.48262848e+002	-4.14413100e-005	
1.48417935e+002	-4.22432607e-005	
1.48573022e+002	-4.27117836e-005	
1.48728108e+002	-4.30068572e-005	
1.48883195e+002	-4.30149743e-005	
1.49038282e+002	-4.30230914e-005	
1.49193368e+002	-4.32110185e-005	
1.49348455e+002	-4.27620811e-005	
1.49503542e+002	-4.16780774e-005	
1.49658628e+002	-4.01160902e-005	
1.49813715e+002	-3.75865713e-005	
1.49968802e+002	-3.51288127e-005	
1.50123888e+002	-3.27562186e-005	
1.50278975e+002	-2.89781110e-005	
1.50434062e+002	-2.52464407e-005	
1.50589148e+002	-2.19325414e-005	
1.50744235e+002	-1.89681876e-005	
1.50899322e+002	-1.61065340e-005	
1.51054408e+002	-1.32448803e-005	
1.51209495e+002	-1.04509025e-005	
1.51364582e+002	-6.98065280e-006	
1.51519668e+002	-4.21933649e-006	
1.51674755e+002	-1.47633826e-006	
1.51829842e+002	1.25021805e-006	
1.51984928e+002	4.63016172e-006	
1.52140015e+002	7.74746275e-006	
1.52295102e+002	1.04432721e-005	
1.52450188e+002	1.31390815e-005	
1.52605275e+002	1.61051339e-005	
1.52760362e+002	1.97618126e-005	
1.52915448e+002	2.38213384e-005	
1.53070535e+002	2.73682310e-005	
1.53225622e+002	3.07046162e-005	
1.53380708e+002	3.40410014e-005	
1.53535795e+002	3.73999728e-005	
1.53690882e+002	4.13738224e-005	
1.53845968e+002	4.53476719e-005	
1.54001055e+002	4.93215215e-005	
1.54156142e+002	5.26761621e-005	
1.54311228e+002	5.53272886e-005	
1.54466315e+002	5.67876467e-005	
1.54621402e+002	5.67882712e-005	
1.54776488e+002	5.58518490e-005	
1.54931575e+002	5.30610910e-005	
1.55086662e+002	4.88904126e-005	
1.55241748e+002	4.47583753e-005	
1.55396835e+002	3.97610484e-005	
1.55551922e+002	3.45440559e-005	
1.55707008e+002	2.91427338e-005	
1.55862095e+002	2.38625111e-005	
1.56017182e+002	1.88374897e-005	
1.56172268e+002	1.41607014e-005	
1.56327355e+002	8.76840709e-006	
1.56482442e+002	3.39421025e-006	
1.56637528e+002	-1.66142874e-006	
1.56792615e+002	-6.87173581e-006	
1.56947701e+002	-1.26725504e-005	
1.57102788e+002	-1.73777201e-005	
1.57257875e+002	-2.20828897e-005	
1.57412961e+002	-2.68264209e-005	
1.57568048e+002	-3.22679377e-005	
1.57723135e+002	-3.76676119e-005	
1.57878221e+002	-4.30238555e-005	
1.58033308e+002	-4.80545223e-005	
1.58188395e+002	-5.29374679e-005	
1.58343481e+002	-5.76090869e-005	
1.58498568e+002	-6.08368389e-005	
1.58653655e+002	-6.34409488e-005	
1.58808741e+002	-6.51915007e-005	
1.58963828e+002	-6.59082364e-005	
1.59118915e+002	-6.46637806e-005	
1.59274001e+002	-6.20591213e-005	
1.59429088e+002	-5.84290779e-005	
1.59584175e+002	-5.39947347e-005	
1.59739261e+002	-5.07607095e-005	
1.59894348e+002	-4.73718619e-005	
1.60049435e+002	-4.37823337e-005	
1.60204521e+002	-3.96030655e-005	
1.60359608e+002	-3.57890387e-005	
1.60514695e+002	-3.29526134e-005	
1.60669781e+002	-2.96120402e-005	
1.60824868e+002	-2.66672428e-005	
1.60979955e+002	-2.36802882e-005	
1.61135041e+002	-2.07920453e-005	
1.61290128e+002	-1.79780361e-005	
1.61445215e+002	-1.53849894e-005	
1.61600301e+002	-1.26716870e-005	
1.61755388e+002	-9.84158589e-006	
1.61910475e+002	-7.52721467e-006	
1.62065561e+002	-5.04827047e-006	
1.62220648e+002	-2.25844157e-006	
1.62375735e+002	1.88872346e-007	
1.62530821e+002	2.45650460e-006	
1.62685908e+002	4.42480133e-006	
1.62840995e+002	6.19863295e-006	
1.62996081e+002	8.33027398e-006	
1.63151168e+002	1.03095409e-005	
1.63306255e+002	1.14725912e-005	
1.63461341e+002	1.20374768e-005	
1.63616428e+002	1.26023625e-005	
1.63771515e+002	1.28372283e-005	
1.63926601e+002	1.26754794e-005	
1.64081688e+002	1.26312601e-005	
1.64236775e+002	1.25201929e-005	
1.64391861e+002	1.22456599e-005	
1.64546948e+002	1.18688941e-005	
1.64702035e+002	1.13824722e-005	
1.64857121e+002	1.10321907e-005	
1.65012208e+002	1.06492320e-005	
1.65167295e+002	1.02571963e-005	
1.65322381e+002	9.95897297e-006	
1.65477468e+002	9.66074962e-006	
1.65632555e+002	9.36252627e-006	
1.65787641e+002	8.79999862e-006	
1.65942728e+002	8.13558753e-006	
1.66097815e+002	7.33439349e-006	
1.66252901e+002	6.19004770e-006	
1.66407988e+002	4.82111622e-006	
1.66563075e+002	3.03943546e-006	
1.66718161e+002	-3.87108372e-008	
1.66873248e+002	-3.02039041e-006	
1.67028334e+002	-5.47350872e-006	
1.67183421e+002	-7.91266162e-006	
1.67338508e+002	-1.03345709e-005	
1.67493594e+002	-1.25260431e-005	
1.67648681e+002	-1.41287373e-005	
1.67803768e+002	-1.50697215e-005	
1.67958854e+002	-1.51766147e-005	
1.68113941e+002	-1.52947523e-005	
1.68269028e+002	-1.55897403e-005	
1.68424114e+002	-1.54277907e-005	
1.68579201e+002	-1.61773367e-005	
1.68734288e+002	-1.62902928e-005	
1.68889374e+002	-1.65293699e-005	
1.69044461e+002	-1.68654070e-005	
1.69199548e+002	-1.74917887e-005	
1.69354634e+002	-1.81181703e-005	
1.69509721e+002	-1.87445520e-005	
1.69664808e+002	-1.95889571e-005	
1.69819894e+002	-2.04380046e-005	
1.69974981e+002	-2.12870521e-005	
1.70130068e+002	-2.23093907e-005	
1.70285154e+002	-2.32704377e-005	
1.70440241e+002	-2.40152604e-005	
1.70595328e+002	-2.38243193e-005	
1.70750414e+002	-2.24491121e-005	
1.70905501e+002	-2.18664743e-005	
1.71060588e+002	-2.01713684e-005	
1.71215674e+002	-1.77768373e-005	
1.71370761e+002	-1.55877701e-005	
1.71525848e+002	-1.32542668e-005	
1.71680934e+002	-1.07689250e-005	
1.71836021e+002	-9.01562299e-006	
1.71991108e+002	-7.25665456e-006	
1.72146194e+002	-5.38591842e-006	
1.72301281e+002	-4.36901506e-006	
1.72456368e+002	-3.85638982e-006	
1.72611454e+002	-3.46601578e-006	
1.72766541e+002	-3.21640586e-006	
1.72921628e+002	-3.07230404e-006	
1.73076714e+002	-3.22008306e-006	
1.73231801e+002	-3.45859070e-006	
1.73386888e+002	-3.76916980e-006	
1.73541974e+002	-4.12193261e-006	
1.73697061e+002	-4.47487086e-006	
1.73852148e+002	-4.82780912e-006	
1.74007234e+002	-5.19186188e-006	
1.74162321e+002	-5.55753022e-006	
1.74317408e+002	-5.92319857e-006	
1.74472494e+002	-6.41940603e-006	
1.74627581e+002	-6.87239115e-006	
1.74782668e+002	-7.32722357e-006	
1.74937754e+002	-7.68492775e-006	
1.75092841e+002	-7.98486880e-006	
1.75247928e+002	-8.28480984e-006	
1.75403014e+002	-8.63879448e-006	
1.75558101e+002	-9.04592321e-006	
1.75713188e+002	-8.89376211e-006	
1.75868274e+002	-8.86618421e-006	
1.76023361e+002	-9.09596557e-006	
1.76178448e+002	-8.22372805e-006	
1.76333534e+002	-7.34340723e-006	
1.76488621e+002	-6.28529634e-006	
1.76643708e+002	-4.59030681e-006	
1.76798794e+002	-2.58337613e-006	
1.76953881e+002	-3.53579003e-007	
1.77108968e+002	2.14185798e-006	
1.77264054e+002	4.83555230e-006	
1.77419141e+002	7.61441953e-006	
1.77574227e+002	1.01532752e-005	
1.77729314e+002	1.24000138e-005	
1.77884401e+002	1.44641238e-005	
1.78039487e+002	1.60435213e-005	
1.78194574e+002	1.66768289e-005	
1.78349661e+002	1.62063671e-005	
1.78504747e+002	1.62096965e-005	
1.78659834e+002	1.56245805e-005	
1.78814921e+002	1.48317562e-005	
1.78970007e+002	1.39353932e-005	
1.79125094e+002	1.31662453e-005	
1.79280181e+002	1.25302773e-005	
1.79435267e+002	1.20168282e-005	
1.79590354e+002	1.15033791e-005	
1.79745441e+002	1.10248479e-005	
1.79900527e+002	1.05991425e-005	
1.80055614e+002	1.03175870e-005	
1.80210701e+002	9.11948047e-006	
1.80365787e+002	8.76428019e-006	
1.80520874e+002	8.40907992e-006	
1.80675961e+002	8.00522942e-006	
1.80831047e+002	7.33008227e-006	
1.80986134e+002	6.39654167e-006	
1.81141221e+002	5.23946875e-006	
1.81296307e+002	2.60390157e-006	
1.81451394e+002	-4.25521665e-007	
1.81606481e+002	-3.90319170e-006	
1.81761567e+002	-6.39161591e-006	
1.81916654e+002	-9.13739958e-006	
1.82071741e+002	-1.25667237e-005	
1.82226827e+002	-1.54242480e-005	
1.82381914e+002	-1.74660390e-005	
1.82537001e+002	-1.89542799e-005	
1.82692087e+002	-1.99244375e-005	
1.82847174e+002	-2.06281904e-005	
1.83002261e+002	-2.13319433e-005	
1.83157347e+002	-2.19526024e-005	
1.83312434e+002	-2.25017573e-005	
1.83467521e+002	-2.28955520e-005	
1.83622607e+002	-2.32456994e-005	
1.83777694e+002	-2.35395978e-005	
1.83932781e+002	-2.38334962e-005	
1.84087867e+002	-2.42536175e-005	
1.84242954e+002	-2.46505268e-005	
1.84398041e+002	-2.49087796e-005	
1.84553127e+002	-2.50913862e-005	
1.84708214e+002	-2.51537085e-005	
1.84863301e+002	-2.52160308e-005	
1.85018387e+002	-2.52564211e-005	
1.85173474e+002	-2.48401526e-005	
1.85328561e+002	-2.38228649e-005	
1.85483647e+002	-2.21657762e-005	
1.85638734e+002	-2.01683160e-005	
1.85793821e+002	-1.81424322e-005	
1.85948907e+002	-1.61165485e-005	
1.86103994e+002	-1.36793483e-005	
1.86259081e+002	-1.06699193e-005	
1.86414167e+002	-7.61357002e-006	
1.86569254e+002	-5.03074168e-006	
1.86724341e+002	-2.67374940e-006	
1.86879427e+002	-3.16757127e-007	
1.87034514e+002	2.60000056e-006	
1.87189601e+002	5.96709353e-006	
1.87344687e+002	8.85993158e-006	
1.87499774e+002	1.16176618e-005	
1.87654860e+002	1.42017977e-005	
1.87809947e+002	1.74632344e-005	
1.87965034e+002	2.02301074e-005	
1.88120120e+002	2.31910835e-005	
1.88275207e+002	2.61520595e-005	
1.88430294e+002	2.92769931e-005	
1.88585380e+002	3.31222560e-005	
1.88740467e+002	3.70174631e-005	
1.88895554e+002	4.08884961e-005	
1.89050640e+002	4.39455091e-005	
1.89205727e+002	4.71788302e-005	
1.89360814e+002	5.05877106e-005	
1.89515900e+002	5.34168484e-005	
1.89670987e+002	5.54519834e-005	
1.89826074e+002	5.62426004e-005	
1.89981160e+002	5.45307180e-005	
1.90136247e+002	5.27002615e-005	
1.90291334e+002	4.92420075e-005	
1.90446420e+002	4.56929560e-005	
1.90601507e+002	4.17983410e-005	
1.90756594e+002	3.59001089e-005	
1.90911680e+002	3.09981866e-005	
1.91066767e+002	2.68329834e-005	
1.91221854e+002	2.13642709e-005	
1.91376940e+002	1.60017704e-005	
1.91532027e+002	1.07701788e-005	
1.91687114e+002	5.22820104e-006	
1.91842200e+002	-5.28596815e-007	
1.91997287e+002	-4.71938186e-006	
1.92152374e+002	-8.91016691e-006	
1.92307460e+002	-1.35439028e-005	
1.92462547e+002	-1.99266128e-005	
1.92617634e+002	-2.56408911e-005	
1.92772720e+002	-3.10021271e-005	
1.92927807e+002	-3.66185975e-005	
1.93082894e+002	-4.20926761e-005	
1.93237980e+002	-4.74341042e-005	
1.93393067e+002	-5.33552227e-005	
1.93548154e+002	-5.84688073e-005	
1.93703240e+002	-6.23037920e-005	
1.93858327e+002	-6.59834531e-005	
1.94013414e+002	-6.83321122e-005	
1.94168500e+002	-6.91198079e-005	
1.94323587e+002	-6.79480391e-005	
1.94478674e+002	-6.56894078e-005	
1.94633760e+002	-6.17846576e-005	
1.94788847e+002	-5.81348022e-005	
1.94943934e+002	-5.46639339e-005	
1.95099020e+002	-5.11930655e-005	
1.95254107e+002	-4.66215495e-005	
1.95409194e+002	-4.07815806e-005	
1.95564280e+002	-3.67386081e-005	
1.95719367e+002	-3.35491216e-005	
1.95874454e+002	-2.99739075e-005	
1.96029540e+002	-2.65631555e-005	
1.96184627e+002	-2.32245930e-005	
1.96339714e+002	-1.99784119e-005	
1.96494800e+002	-1.66177212e-005	
1.96649887e+002	-1.32851270e-005	
1.96804974e+002	-1.07809426e-005	
1.96960060e+002	-8.27675821e-006	
1.97115147e+002	-5.77257381e-006	
1.97270234e+002	-2.65615908e-006	
1.97425320e+002	4.26636532e-007	
1.97580407e+002	3.43696558e-006	
1.97735493e+002	5.59807871e-006	
1.97890580e+002	8.34476307e-006	
1.98045667e+002	1.14840318e-005	
1.98200753e+002	1.41850720e-005	
1.98355840e+002	1.68459024e-005	
1.98510927e+002	2.01327726e-005	
1.98666013e+002	2.29133934e-005	
1.98821100e+002	2.53401588e-005	
1.98976187e+002	2.72702558e-005	
1.99131273e+002	2.87537163e-005	
1.99286360e+002	2.97557353e-005	
1.99441447e+002	3.02631626e-005	
1.99596533e+002	3.02985566e-005	
1.99751620e+002	3.01871176e-005	
1.99906707e+002	3.00756785e-005	
2.00061793e+002	2.98986665e-005	
2.00216880e+002	2.95087135e-005	
2.00371967e+002	2.88327408e-005	
2.00527053e+002	2.79918495e-005	
2.00682140e+002	2.69415109e-005	
2.00837227e+002	2.58911722e-005	
2.00992313e+002	2.48408336e-005	
2.01147400e+002	2.15249829e-005	
2.01302487e+002	1.81852846e-005	
2.01457573e+002	1.48455862e-005	
2.01612660e+002	1.01305007e-005	
2.01767747e+002	5.77547641e-006	
2.01922833e+002	1.42045212e-006	
2.02077920e+002	-4.64833665e-006	
2.02233007e+002	-1.11845753e-005	
2.02388093e+002	-1.71690921e-005	
2.02543180e+002	-2.30007170e-005	
2.02698267e+002	-2.87185321e-005	
2.02853353e+002	-3.41128492e-005	
2.03008440e+002	-3.88839800e-005	
2.03163527e+002	-4.30266668e-005	
2.03318613e+002	-4.56434567e-005	
2.03473700e+002	-4.91502245e-005	
2.03628787e+002	-5.06184196e-005	
2.03783873e+002	-5.16509992e-005	
2.03938960e+002	-5.25044615e-005	
2.04094047e+002	-5.31227116e-005	
2.04249133e+002	-5.37409618e-005	
2.04404220e+002	-5.45379933e-005	
2.04559307e+002	-5.65404892e-005	
2.04714393e+002	-5.86715097e-005	
2.04869480e+002	-6.08949809e-005	
2.05024567e+002	-6.22590894e-005	
2.05179653e+002	-6.39214546e-005	
2.05334740e+002	-6.59561294e-005	
2.05489827e+002	-6.76906635e-005	
2.05644913e+002	-6.70044281e-005	
2.05800000e+002	-6.46300848e-005	
2.05955087e+002	-6.21711955e-005	
2.06110173e+002	-5.96856535e-005	
2.06265260e+002	-5.72001114e-005	
2.06420347e+002	-5.36771350e-005	
2.06575433e+002	-4.97061377e-005	
2.06730520e+002	-4.74592174e-005	
2.06885607e+002	-4.51835555e-005	
2.07040693e+002	-4.28807767e-005	
2.07195780e+002	-4.05779979e-005	
2.07350867e+002	-3.90323733e-005	
2.07505953e+002	-3.71425515e-005	
2.07661040e+002	-3.65386185e-005	
2.07816126e+002	-3.63415895e-005	
2.07971213e+002	-3.65361205e-005	
2.08126300e+002	-3.67306516e-005	
2.08281386e+002	-3.71108131e-005	
2.08436473e+002	-3.85781059e-005	
2.08591560e+002	-3.98504840e-005	
2.08746646e+002	-4.10046703e-005	
2.08901733e+002	-4.30311358e-005	
2.09056820e+002	-4.39869559e-005	
2.09211906e+002	-4.36931679e-005	
2.09366993e+002	-4.63922495e-005	
2.09522080e+002	-4.68761284e-005	
2.09677166e+002	-4.73600072e-005	
2.09832253e+002	-4.82721220e-005	
2.09987340e+002	-4.88563053e-005	
2.10142426e+002	-4.78002229e-005	
2.10297513e+002	-4.75828538e-005	
2.10452600e+002	-4.86375606e-005	
2.10607686e+002	-5.78041588e-005	
2.10762773e+002	-3.91061833e-005	
2.10917860e+002	4.18083180e-006	
2.11072946e+002	3.09811181e-006	
2.11228033e+002	-2.21921826e-005	
2.11383120e+002	2.55919852e-005	
2.11538206e+002	7.33761531e-005	
2.11693293e+002	1.61745965e-004	
2.11848380e+002	3.51735762e-004	
2.12003466e+002	7.15183755e-004	
2.12158553e+002	1.13009546e-003	
2.12313640e+002	1.46937972e-003	
2.12468726e+002	1.75162599e-003	
2.12623813e+002	1.99093095e-003	
2.12778900e+002	2.10684393e-003	
2.12933986e+002	1.60960607e-003	
2.13089073e+002	4.43106148e-004	
2.13244160e+002	-1.77151092e-003	
2.13399246e+002	-4.04221845e-003	
2.13554333e+002	-7.16890573e-003	
2.13709420e+002	-9.86363239e-003	
2.13864506e+002	-1.24461232e-002	
2.14019593e+002	-1.50286139e-002	
2.14174680e+002	-1.87997109e-002	
2.14329766e+002	-2.30726994e-002	
2.14484853e+002	-2.66833948e-002	
2.14639940e+002	-3.05461026e-002	
2.14795026e+002	-3.46167503e-002	
2.14950113e+002	-3.90032175e-002	
2.15105200e+002	-4.44649194e-002	
2.15260286e+002	-4.97642086e-002	
2.15415373e+002	-5.54311994e-002	
2.15570460e+002	-6.14182839e-002	
2.15725546e+002	-6.80106408e-002	
2.15880633e+002	-7.53273883e-002	
2.16035720e+002	-8.32353872e-002	
2.16190806e+002	-9.26899326e-002	
2.16345893e+002	-1.02307891e-001	
2.16500980e+002	-1.12247843e-001	
2.16656066e+002	-1.25894005e-001	
2.16811153e+002	-1.38688606e-001	
2.16966240e+002	-1.50613686e-001	
2.17121326e+002	-1.63908489e-001	
2.17276413e+002	-1.76305734e-001	
2.17431500e+002	-1.88702979e-001	
2.17586586e+002	-2.03125114e-001	
2.17741673e+002	-2.17743880e-001	
2.17896759e+002	-2.31526816e-001	
2.18051846e+002	-2.39927444e-001	
2.18206933e+002	-2.45881579e-001	
2.18362019e+002	-2.51835713e-001	
2.18517106e+002	-2.57200064e-001	
2.18672193e+002	-2.62098615e-001	
2.18827279e+002	-2.63505864e-001	
2.18982366e+002	-2.64792365e-001	
2.19137453e+002	-2.65239431e-001	
2.19292539e+002	-2.65686496e-001	
2.19447626e+002	-2.66035533e-001	
2.19602713e+002	-2.66175037e-001	
2.19757799e+002	-2.66112401e-001	
2.19912886e+002	-2.65946770e-001	
2.20067973e+002	-2.65624231e-001	
2.20223059e+002	-2.64834245e-001	
2.20378146e+002	-2.63725040e-001	
2.20533233e+002	-2.61982533e-001	
2.20688319e+002	-2.60240027e-001	
2.20843406e+002	-2.58497520e-001	
2.20998493e+002	-2.55023584e-001	
2.21153579e+002	-2.48456825e-001	
2.21308666e+002	-2.37897712e-001	
2.21463753e+002	-2.29973041e-001	
2.21618839e+002	-2.22599190e-001	
2.21773926e+002	-2.15225339e-001	
2.21929013e+002	-2.05800028e-001	
2.22084099e+002	-1.96118129e-001	
2.22239186e+002	-1.90071686e-001	
2.22394273e+002	-1.84303315e-001	
2.22549359e+002	-1.78753385e-001	
2.22704446e+002	-1.74100682e-001	
2.22859533e+002	-1.70844567e-001	
2.23014619e+002	-1.68468273e-001	
2.23169706e+002	-1.66091980e-001	
2.23324793e+002	-1.64302282e-001	
2.23479879e+002	-1.63674839e-001	
2.23634966e+002	-1.63944490e-001	
2.23790053e+002	-1.64648717e-001	
2.23945139e+002	-1.65992474e-001	
2.24100226e+002	-1.69083003e-001	
2.24255313e+002	-1.73088423e-001	
2.24410399e+002	-1.76876734e-001	
2.24565486e+002	-1.80665045e-001	
2.24720573e+002	-1.84453356e-001	
2.24875659e+002	-1.90717231e-001	
2.25030746e+002	-1.99415282e-001	
2.25185833e+002	-2.10722265e-001	
2.25340919e+002	-2.18279540e-001	
2.25496006e+002	-2.25142391e-001	
2.25651093e+002	-2.32005242e-001	
2.25806179e+002	-2.41669777e-001	
2.25961266e+002	-2.51395165e-001	
2.26116353e+002	-2.55718676e-001	
2.26271439e+002	-2.58816763e-001	
2.26426526e+002	-2.61090810e-001	
2.26581613e+002	-2.63364856e-001	
2.26736699e+002	-2.64567815e-001	
2.26891786e+002	-2.65104343e-001	
2.27046873e+002	-2.65640871e-001	
2.27201959e+002	-2.66044634e-001	
2.27357046e+002	-2.66204096e-001	
2.27512133e+002	-2.66370753e-001	
2.27667219e+002	-2.66495954e-001	
2.27822306e+002	-2.66475296e-001	
2.27977392e+002	-2.66600848e-001	
2.28132479e+002	-2.66747093e-001	
2.28287566e+002	-2.66455342e-001	
2.28442652e+002	-2.66354479e-001	
2.28597739e+002	-2.66413111e-001	
2.28752826e+002	-2.66414453e-001	
2.28907912e+002	-2.66150894e-001	
2.29062999e+002	-2.65611152e-001	
2.29218086e+002	-2.64995799e-001	
2.29373172e+002	-2.64035067e-001	
2.29528259e+002	-2.62293189e-001	
2.29683346e+002	-2.59272185e-001	
2.29838432e+002	-2.55795879e-001	
2.29993519e+002	-2.52319573e-001	
2.30148606e+002	-2.45918798e-001	
2.30303692e+002	-2.37632394e-001	
2.30458779e+002	-2.28426310e-001	
2.30613866e+002	-2.20306259e-001	
2.30768952e+002	-2.11813784e-001	
2.30924039e+002	-2.03136967e-001	
2.31079126e+002	-1.94619309e-001	
2.31234212e+002	-1.86397758e-001	
2.31389299e+002	-1.81456800e-001	
2.31544386e+002	-1.77231120e-001	
2.31699472e+002	-1.72797292e-001	
2.31854559e+002	-1.69188502e-001	
2.32009646e+002	-1.66230584e-001	
2.32164732e+002	-1.65201856e-001	
2.32319819e+002	-1.64432770e-001	
2.32474906e+002	-1.63866483e-001	
