% Column 0: Length, mm
% Column 1: B.n, Tesla
0.00000000e+000	6.21555461e-002	
1.55086662e-001	6.22730274e-002	
3.10173323e-001	6.26783239e-002	
4.65259985e-001	6.34521029e-002	
6.20346646e-001	6.43654309e-002	
7.75433308e-001	6.52983192e-002	
9.30519969e-001	6.62312074e-002	
1.08560663e+000	6.76328785e-002	
1.24069329e+000	6.94163777e-002	
1.39577995e+000	7.21592770e-002	
1.55086662e+000	7.46662090e-002	
1.70595328e+000	7.71277079e-002	
1.86103994e+000	8.08208150e-002	
2.01612660e+000	8.35592376e-002	
2.17121326e+000	8.59528864e-002	
2.32629992e+000	8.83465353e-002	
2.48138658e+000	9.06326354e-002	
2.63647325e+000	9.27472318e-002	
2.79155991e+000	9.38542269e-002	
2.94664657e+000	9.47087495e-002	
3.10173323e+000	9.54587835e-002	
3.25681989e+000	9.59988457e-002	
3.41190655e+000	9.64400795e-002	
3.56699322e+000	9.68240785e-002	
3.72207988e+000	9.72080774e-002	
3.87716654e+000	9.76448227e-002	
4.03225320e+000	9.84536141e-002	
4.18733986e+000	9.92058921e-002	
4.34242652e+000	9.98905338e-002	
4.49751319e+000	1.00588299e-001	
4.65259985e+000	1.01570079e-001	
4.80768651e+000	1.03119427e-001	
4.96277317e+000	1.04285813e-001	
5.11785983e+000	1.05338344e-001	
5.27294649e+000	1.06390875e-001	
5.42803315e+000	1.07787052e-001	
5.58311982e+000	1.09324184e-001	
5.73820648e+000	1.10377499e-001	
5.89329314e+000	1.11408456e-001	
6.04837980e+000	1.11644903e-001	
6.20346646e+000	1.12213356e-001	
6.35855312e+000	1.11905751e-001	
6.51363979e+000	1.10276679e-001	
6.66872645e+000	1.08647607e-001	
6.82381311e+000	1.06320868e-001	
6.97889977e+000	1.02192760e-001	
7.13398643e+000	9.76399927e-002	
7.28907309e+000	9.30024759e-002	
7.44415975e+000	8.88092664e-002	
7.59924642e+000	8.48941435e-002	
7.75433308e+000	8.21850956e-002	
7.90941974e+000	7.96764296e-002	
8.06450640e+000	7.71677636e-002	
8.21959306e+000	7.46590976e-002	
8.37467972e+000	7.30371178e-002	
8.52976639e+000	7.13122677e-002	
8.68485305e+000	6.92327090e-002	
8.83993971e+000	6.81715993e-002	
8.99502637e+000	6.74517393e-002	
9.15011303e+000	6.69593566e-002	
9.30519969e+000	6.67069368e-002	
9.46028636e+000	6.65756252e-002	
9.61537302e+000	6.64443137e-002	
9.77045968e+000	6.76045353e-002	
9.92554634e+000	6.87903203e-002	
1.00806330e+001	6.95324812e-002	
1.02357197e+001	7.07298486e-002	
1.03908063e+001	7.25715039e-002	
1.05458930e+001	7.44131593e-002	
1.07009796e+001	7.65809029e-002	
1.08560663e+001	7.95248149e-002	
1.10111530e+001	8.32831086e-002	
1.11662396e+001	8.71029363e-002	
1.13213263e+001	8.98081403e-002	
1.14764130e+001	9.25133443e-002	
1.16314996e+001	9.55534671e-002	
1.17865863e+001	9.89094928e-002	
1.19416729e+001	1.02149678e-001	
1.20967596e+001	1.05268590e-001	
1.22518463e+001	1.07970641e-001	
1.24069329e+001	1.11014477e-001	
1.25620196e+001	1.14708207e-001	
1.27171062e+001	1.17696167e-001	
1.28721929e+001	1.20512252e-001	
1.30272796e+001	1.23328338e-001	
1.31823662e+001	1.27074551e-001	
1.33374529e+001	1.31305167e-001	
1.34925396e+001	1.35897426e-001	
1.36476262e+001	1.40576878e-001	
1.38027129e+001	1.44340505e-001	
1.39577995e+001	1.48104132e-001	
1.41128862e+001	1.52578441e-001	
1.42679729e+001	1.57974247e-001	
1.44230595e+001	1.63197604e-001	
1.45781462e+001	1.68526957e-001	
1.47332328e+001	1.74144237e-001	
1.48883195e+001	1.78120542e-001	
1.50434062e+001	1.81525805e-001	
1.51984928e+001	1.84815274e-001	
1.53535795e+001	1.85101568e-001	
1.55086662e+001	1.85681617e-001	
1.56637528e+001	1.88395693e-001	
1.58188395e+001	1.86009599e-001	
1.59739261e+001	1.78628565e-001	
1.61290128e+001	1.75199619e-001	
1.62840995e+001	1.71717699e-001	
1.64391861e+001	1.67769687e-001	
1.65942728e+001	1.65750206e-001	
1.67493594e+001	1.64542717e-001	
1.69044461e+001	1.64451894e-001	
1.70595328e+001	1.66006548e-001	
1.72146194e+001	1.68273436e-001	
1.73697061e+001	1.70540325e-001	
1.75247928e+001	1.77384266e-001	
1.76798794e+001	1.83469085e-001	
1.78349661e+001	1.91340024e-001	
1.79900527e+001	2.00474702e-001	
1.81451394e+001	2.11141021e-001	
1.83002261e+001	2.24834583e-001	
1.84553127e+001	2.40110288e-001	
1.86103994e+001	2.57852817e-001	
1.87654860e+001	2.77864833e-001	
1.89205727e+001	2.98933139e-001	
1.90756594e+001	3.21423885e-001	
1.92307460e+001	3.45509165e-001	
1.93858327e+001	3.71260138e-001	
1.95409194e+001	3.92794992e-001	
1.96960060e+001	4.18077879e-001	
1.98510927e+001	4.46794587e-001	
2.00061793e+001	4.56832683e-001	
2.01612660e+001	4.66100872e-001	
2.03163527e+001	4.75369061e-001	
2.04714393e+001	4.84584235e-001	
2.06265260e+001	4.92607352e-001	
2.07816126e+001	4.97531209e-001	
2.09366993e+001	5.00105689e-001	
2.10917860e+001	5.01662720e-001	
2.12468726e+001	5.02782546e-001	
2.14019593e+001	5.03460590e-001	
2.15570460e+001	5.03908494e-001	
2.17121326e+001	5.04356397e-001	
2.18672193e+001	5.04493074e-001	
2.20223059e+001	5.04277032e-001	
2.21773926e+001	5.04553440e-001	
2.23324793e+001	5.04750054e-001	
2.24875659e+001	5.04700551e-001	
2.26426526e+001	5.04651047e-001	
2.27977392e+001	5.04514349e-001	
2.29528259e+001	5.04073651e-001	
2.31079126e+001	5.03629299e-001	
2.32629992e+001	5.03358604e-001	
2.34180859e+001	5.02237805e-001	
2.35731726e+001	5.00773678e-001	
2.37282592e+001	4.99015342e-001	
2.38833459e+001	4.95733304e-001	
2.40384325e+001	4.91673377e-001	
2.41935192e+001	4.86569958e-001	
2.43486059e+001	4.76177028e-001	
2.45036925e+001	4.63313190e-001	
2.46587792e+001	4.46661026e-001	
2.48138658e+001	4.28223826e-001	
2.49689525e+001	4.08326939e-001	
2.51240392e+001	3.84500606e-001	
2.52791258e+001	3.68627156e-001	
2.54342125e+001	3.55220823e-001	
2.55892992e+001	3.41814491e-001	
2.57443858e+001	3.27704413e-001	
2.58994725e+001	3.12848324e-001	
2.60545591e+001	3.03664951e-001	
2.62096458e+001	2.94805687e-001	
2.63647325e+001	2.85695368e-001	
2.65198191e+001	2.81293093e-001	
2.66749058e+001	2.77743306e-001	
2.68299924e+001	2.73187787e-001	
2.69850791e+001	2.70891948e-001	
2.71401658e+001	2.69834268e-001	
2.72952524e+001	2.68888946e-001	
2.74503391e+001	2.69880773e-001	
2.76054258e+001	2.72424475e-001	
2.77605124e+001	2.77132595e-001	
2.79155991e+001	2.81854342e-001	
2.80706857e+001	2.86576089e-001	
2.82257724e+001	2.94818150e-001	
2.83808591e+001	3.03771936e-001	
2.85359457e+001	3.13148860e-001	
2.86910324e+001	3.25744726e-001	
2.88461190e+001	3.38830698e-001	
2.90012057e+001	3.49321349e-001	
2.91562924e+001	3.56609042e-001	
2.93113790e+001	3.63250852e-001	
2.94664657e+001	3.69892662e-001	
2.96215524e+001	3.75372430e-001	
2.97766390e+001	3.79699837e-001	
2.99317257e+001	3.81359822e-001	
3.00868123e+001	3.82527607e-001	
3.02418990e+001	3.83165175e-001	
3.03969857e+001	3.83802742e-001	
3.05520723e+001	3.84201606e-001	
3.07071590e+001	3.83907690e-001	
3.08622457e+001	3.84128961e-001	
3.10173323e+001	3.84505842e-001	
3.11724190e+001	3.84653639e-001	
3.13275056e+001	3.84801435e-001	
3.14825923e+001	3.84940878e-001	
3.16376790e+001	3.84286361e-001	
3.17927656e+001	3.84115759e-001	
3.19478523e+001	3.84539105e-001	
3.21029389e+001	3.84068549e-001	
3.22580256e+001	3.83484666e-001	
3.24131123e+001	3.82900783e-001	
3.25681989e+001	3.81126442e-001	
3.27232856e+001	3.78850016e-001	
3.28783723e+001	3.76041798e-001	
3.30334589e+001	3.72417617e-001	
3.31885456e+001	3.67111264e-001	
3.33436322e+001	3.58485382e-001	
3.34987189e+001	3.47822849e-001	
3.36538056e+001	3.35270920e-001	
3.38088922e+001	3.19548155e-001	
3.39639789e+001	3.04874786e-001	
3.41190655e+001	2.92019073e-001	
3.42741522e+001	2.79163360e-001	
3.44292389e+001	2.65389484e-001	
3.45843255e+001	2.49169682e-001	
3.47394122e+001	2.38320814e-001	
3.48944989e+001	2.30899627e-001	
3.50495855e+001	2.24577003e-001	
3.52046722e+001	2.18254378e-001	
3.53597588e+001	2.11973252e-001	
3.55148455e+001	2.07182897e-001	
3.56699322e+001	2.02392542e-001	
3.58250188e+001	1.97602187e-001	
3.59801055e+001	1.96041507e-001	
3.61351921e+001	1.94823139e-001	
3.62902788e+001	1.93604772e-001	
3.64453655e+001	1.94314804e-001	
3.66004521e+001	1.95564791e-001	
3.67555388e+001	1.96814778e-001	
3.69106255e+001	1.99432203e-001	
3.70657121e+001	2.03273206e-001	
3.72207988e+001	2.08611315e-001	
3.73758854e+001	2.14670560e-001	
3.75309721e+001	2.21355518e-001	
3.76860588e+001	2.29366109e-001	
3.78411454e+001	2.36498237e-001	
3.79962321e+001	2.42328649e-001	
3.81513187e+001	2.48159061e-001	
3.83064054e+001	2.53524543e-001	
3.84614921e+001	2.57749394e-001	
3.86165787e+001	2.60066403e-001	
3.87716654e+001	2.61400681e-001	
3.89267521e+001	2.62755774e-001	
3.90818387e+001	2.63362958e-001	
3.92369254e+001	2.63487643e-001	
3.93920120e+001	2.63729737e-001	
3.95470987e+001	2.63971831e-001	
3.97021854e+001	2.64213926e-001	
3.98572720e+001	2.64405880e-001	
4.00123587e+001	2.64505525e-001	
4.01674453e+001	2.64448292e-001	
4.03225320e+001	2.64396770e-001	
4.04776187e+001	2.64346694e-001	
4.06327053e+001	2.64296617e-001	
4.07877920e+001	2.64333652e-001	
4.09428787e+001	2.64286707e-001	
4.10979653e+001	2.63885164e-001	
4.12530520e+001	2.63675545e-001	
4.14081386e+001	2.63621628e-001	
4.15632253e+001	2.61459384e-001	
4.17183120e+001	2.59434941e-001	
4.18733986e+001	2.57620297e-001	
4.20284853e+001	2.55805653e-001	
4.21835719e+001	2.51667941e-001	
4.23386586e+001	2.42267678e-001	
4.24937453e+001	2.32030148e-001	
4.26488319e+001	2.22590373e-001	
4.28039186e+001	2.13127434e-001	
4.29590053e+001	2.03664496e-001	
4.31140919e+001	1.94039047e-001	
4.32691786e+001	1.81886631e-001	
4.34242652e+001	1.71743331e-001	
4.35793519e+001	1.63617561e-001	
4.37344386e+001	1.57718985e-001	
4.38895252e+001	1.51968898e-001	
4.40446119e+001	1.46218812e-001	
4.41996985e+001	1.39599010e-001	
4.43547852e+001	1.33713694e-001	
4.45098719e+001	1.30579680e-001	
4.46649585e+001	1.27119227e-001	
4.48200452e+001	1.23237935e-001	
4.49751319e+001	1.21600434e-001	
4.51302185e+001	1.20144310e-001	
4.52853052e+001	1.18825717e-001	
4.54403918e+001	1.17507124e-001	
4.55954785e+001	1.16539773e-001	
4.57505652e+001	1.16009007e-001	
4.59056518e+001	1.17157445e-001	
4.60607385e+001	1.18706825e-001	
4.62158251e+001	1.20636539e-001	
4.63709118e+001	1.23388244e-001	
4.65259985e+001	1.26120359e-001	
4.66810851e+001	1.28802956e-001	
4.68361718e+001	1.32138896e-001	
4.69912585e+001	1.35722136e-001	
4.71463451e+001	1.37838554e-001	
4.73014318e+001	1.39914101e-001	
4.74565184e+001	1.41951247e-001	
4.76116051e+001	1.42548401e-001	
4.77666918e+001	1.43076392e-001	
4.79217784e+001	1.43604382e-001	
4.80768651e+001	1.43871406e-001	
4.82319517e+001	1.44085456e-001	
4.83870384e+001	1.44299506e-001	
4.85421251e+001	1.44406007e-001	
4.86972117e+001	1.44492032e-001	
4.88522984e+001	1.44476831e-001	
4.90073851e+001	1.44486213e-001	
4.91624717e+001	1.44512516e-001	
4.93175584e+001	1.44518858e-001	
4.94726450e+001	1.44477813e-001	
4.96277317e+001	1.44381693e-001	
4.97828184e+001	1.44285574e-001	
4.99379050e+001	1.44168898e-001	
5.00929917e+001	1.44012231e-001	
5.02480783e+001	1.43644306e-001	
5.04031650e+001	1.43223334e-001	
5.05582517e+001	1.42185714e-001	
5.07133383e+001	1.41148094e-001	
5.08684250e+001	1.39987199e-001	
5.10235117e+001	1.37634553e-001	
5.11785983e+001	1.34413960e-001	
5.13336850e+001	1.30430713e-001	
5.14887716e+001	1.24831878e-001	
5.16438583e+001	1.18651733e-001	
5.17989450e+001	1.11702963e-001	
5.19540316e+001	1.04571041e-001	
5.21091183e+001	9.74927086e-002	
5.22642049e+001	9.06296798e-002	
5.24192916e+001	8.58930484e-002	
5.25743783e+001	8.11566752e-002	
5.27294649e+001	7.64203020e-002	
5.28845516e+001	7.13303742e-002	
5.30396383e+001	6.60606398e-002	
5.31947249e+001	6.20628955e-002	
5.33498116e+001	5.81708885e-002	
5.35048982e+001	5.43938079e-002	
5.36599849e+001	5.16640247e-002	
5.38150716e+001	4.89409643e-002	
5.39701582e+001	4.60603507e-002	
5.41252449e+001	4.35725671e-002	
5.42803315e+001	4.14554138e-002	
5.44354182e+001	3.90330794e-002	
5.45905049e+001	3.64931922e-002	
5.47455915e+001	3.40368894e-002	
5.49006782e+001	3.27165513e-002	
5.50557649e+001	3.13962132e-002	
5.52108515e+001	3.00758751e-002	
5.53659382e+001	2.86787150e-002	
5.55210248e+001	2.75703230e-002	
5.56761115e+001	2.68522689e-002	
5.58311982e+001	2.61232991e-002	
5.59862848e+001	2.55549325e-002	
5.61413715e+001	2.53597142e-002	
5.62964581e+001	2.51244815e-002	
5.64515448e+001	2.48484371e-002	
5.66066315e+001	2.47792946e-002	
5.67617181e+001	2.47429389e-002	
5.69168048e+001	2.47249293e-002	
5.70718915e+001	2.46764188e-002	
5.72269781e+001	2.46444261e-002	
5.73820648e+001	2.46292277e-002	
5.75371514e+001	2.46301996e-002	
5.76922381e+001	2.46341650e-002	
5.78473248e+001	2.46412543e-002	
5.80024114e+001	2.46483436e-002	
5.81574981e+001	2.46578757e-002	
5.83125847e+001	2.46290100e-002	
5.84676714e+001	2.46001443e-002	
5.86227581e+001	2.45760612e-002	
5.87778447e+001	2.45848212e-002	
5.89329314e+001	2.45295798e-002	
5.90880181e+001	2.44259784e-002	
5.92431047e+001	2.45114489e-002	
5.93981914e+001	2.43131306e-002	
5.95532780e+001	2.37575634e-002	
5.97083647e+001	2.33395521e-002	
5.98634514e+001	2.28022663e-002	
6.00185380e+001	2.19718450e-002	
6.01736247e+001	2.06942230e-002	
6.03287113e+001	1.90109241e-002	
6.04837980e+001	1.70254357e-002	
6.06388847e+001	1.46694894e-002	
6.07939713e+001	1.20672821e-002	
6.09490580e+001	9.04304594e-003	
6.11041447e+001	6.30416765e-003	
6.12592313e+001	3.83673165e-003	
6.14143180e+001	1.57172376e-004	
6.15694046e+001	-3.15826948e-003	
6.17244913e+001	-5.80542123e-003	
6.18795780e+001	-8.45257297e-003	
6.20346646e+001	-1.07987842e-002	
6.21897513e+001	-1.35101959e-002	
6.23448379e+001	-1.62216075e-002	
6.24999246e+001	-1.90886045e-002	
6.26550113e+001	-2.28823382e-002	
6.28100979e+001	-2.62446963e-002	
6.29651846e+001	-2.93142080e-002	
6.31202713e+001	-3.31639238e-002	
6.32753579e+001	-3.69557423e-002	
6.34304446e+001	-4.06794321e-002	
6.35855312e+001	-4.44516613e-002	
6.37406179e+001	-4.88485452e-002	
6.38957046e+001	-5.44664815e-002	
6.40507912e+001	-5.85099957e-002	
6.42058779e+001	-6.27173359e-002	
6.43609645e+001	-6.69246762e-002	
6.45160512e+001	-7.28024006e-002	
6.46711379e+001	-7.93076596e-002	
6.48262245e+001	-8.31669030e-002	
6.49813112e+001	-8.63623176e-002	
6.51363979e+001	-8.89670693e-002	
6.52914845e+001	-9.12406185e-002	
6.54465712e+001	-9.27932033e-002	
6.56016578e+001	-9.33082266e-002	
6.57567445e+001	-9.38232498e-002	
6.59118312e+001	-9.42439920e-002	
6.60669178e+001	-9.47946726e-002	
6.62220045e+001	-9.49928760e-002	
6.63770911e+001	-9.50549930e-002	
6.65321778e+001	-9.51156199e-002	
6.66872645e+001	-9.51762467e-002	
6.68423511e+001	-9.52311464e-002	
6.69974378e+001	-9.51390922e-002	
6.71525245e+001	-9.51109750e-002	
6.73076111e+001	-9.51532304e-002	
6.74626978e+001	-9.51423601e-002	
6.76177844e+001	-9.51245251e-002	
6.77728711e+001	-9.51030215e-002	
6.79279578e+001	-9.50761693e-002	
6.80830444e+001	-9.50003121e-002	
6.82381311e+001	-9.48101834e-002	
6.83932177e+001	-9.46165894e-002	
6.85483044e+001	-9.43729199e-002	
6.87033911e+001	-9.37268861e-002	
6.88584777e+001	-9.29019459e-002	
6.90135644e+001	-9.19281440e-002	
6.91686511e+001	-9.09543421e-002	
6.93237377e+001	-8.97565291e-002	
6.94788244e+001	-8.82530553e-002	
6.96339110e+001	-8.64032718e-002	
6.97889977e+001	-8.47476268e-002	
6.99440844e+001	-8.34353270e-002	
7.00991710e+001	-8.29126084e-002	
7.02542577e+001	-8.27919884e-002	
7.04093443e+001	-8.32409541e-002	
7.05644310e+001	-8.36899198e-002	
7.07195177e+001	-8.41993533e-002	
7.08746043e+001	-8.57645620e-002	
7.10296910e+001	-8.76359422e-002	
7.11847777e+001	-8.98225655e-002	
7.13398643e+001	-9.25093139e-002	
7.14949510e+001	-9.52329839e-002	
7.16500376e+001	-9.79566540e-002	
7.18051243e+001	-1.01445059e-001	
7.19602110e+001	-1.05671874e-001	
7.21152976e+001	-1.10105308e-001	
7.22703843e+001	-1.15785617e-001	
7.24254709e+001	-1.21841215e-001	
7.25805576e+001	-1.26504663e-001	
7.27356443e+001	-1.33537180e-001	
7.28907309e+001	-1.42413287e-001	
7.30458176e+001	-1.52230660e-001	
7.32009043e+001	-1.61237106e-001	
7.33559909e+001	-1.69209670e-001	
7.35110776e+001	-1.77182234e-001	
7.36661642e+001	-1.84832010e-001	
7.38212509e+001	-1.94131685e-001	
7.39763376e+001	-1.99992037e-001	
7.41314242e+001	-2.04506143e-001	
7.42865109e+001	-2.08057263e-001	
7.44415975e+001	-2.10673543e-001	
7.45966842e+001	-2.12641155e-001	
7.47517709e+001	-2.13231188e-001	
7.49068575e+001	-2.13821221e-001	
7.50619442e+001	-2.14411254e-001	
7.52170309e+001	-2.14865302e-001	
7.53721175e+001	-2.15136689e-001	
7.55272042e+001	-2.15129951e-001	
7.56822908e+001	-2.15077902e-001	
7.58373775e+001	-2.15076698e-001	
7.59924642e+001	-2.15075494e-001	
7.61475508e+001	-2.15062954e-001	
7.63026375e+001	-2.15045605e-001	
7.64577241e+001	-2.15028256e-001	
7.66128108e+001	-2.14987203e-001	
7.67678975e+001	-2.14924426e-001	
7.69229841e+001	-2.14612091e-001	
7.70780708e+001	-2.14260364e-001	
7.72331575e+001	-2.13861682e-001	
7.73882441e+001	-2.13463000e-001	
7.75433308e+001	-2.12707823e-001	
7.76984174e+001	-2.10730485e-001	
7.78535041e+001	-2.08303668e-001	
7.80085908e+001	-2.05265678e-001	
7.81636774e+001	-2.00432769e-001	
7.83187641e+001	-1.95455095e-001	
7.84738507e+001	-1.90352072e-001	
7.86289374e+001	-1.84758532e-001	
7.87840241e+001	-1.79126445e-001	
7.89391107e+001	-1.73459649e-001	
7.90941974e+001	-1.70635479e-001	
7.92492841e+001	-1.67915693e-001	
7.94043707e+001	-1.65195907e-001	
7.95594574e+001	-1.64261515e-001	
7.97145440e+001	-1.63489391e-001	
7.98696307e+001	-1.62717266e-001	
8.00247174e+001	-1.63224279e-001	
8.01798040e+001	-1.64410589e-001	
8.03348907e+001	-1.66554719e-001	
8.04899773e+001	-1.69434385e-001	
8.06450640e+001	-1.72867302e-001	
8.08001507e+001	-1.77826296e-001	
8.09552373e+001	-1.83005061e-001	
8.11103240e+001	-1.88428776e-001	
8.12654107e+001	-1.96811170e-001	
8.14204973e+001	-2.03853264e-001	
8.15755840e+001	-2.10213967e-001	
8.17306706e+001	-2.21095579e-001	
8.18857573e+001	-2.33171983e-001	
8.20408440e+001	-2.45188682e-001	
8.21959306e+001	-2.58456299e-001	
8.23510173e+001	-2.72035928e-001	
8.25061039e+001	-2.82894745e-001	
8.26611906e+001	-2.94761291e-001	
8.28162773e+001	-3.07476959e-001	
8.29713639e+001	-3.15894206e-001	
8.31264506e+001	-3.22613074e-001	
8.32815373e+001	-3.27098130e-001	
8.34366239e+001	-3.29341539e-001	
8.35917106e+001	-3.31534519e-001	
8.37467972e+001	-3.33079777e-001	
8.39018839e+001	-3.34073274e-001	
8.40569706e+001	-3.34654072e-001	
8.42120572e+001	-3.34217730e-001	
8.43671439e+001	-3.34478936e-001	
8.45222305e+001	-3.35147922e-001	
8.46773172e+001	-3.35193704e-001	
8.48324039e+001	-3.35156412e-001	
8.49874905e+001	-3.35032511e-001	
8.51425772e+001	-3.34908610e-001	
8.52976639e+001	-3.34818325e-001	
8.54527505e+001	-3.34725818e-001	
8.56078372e+001	-3.34633312e-001	
8.57629238e+001	-3.34520605e-001	
8.59180105e+001	-3.34345219e-001	
8.60730972e+001	-3.33695360e-001	
8.62281838e+001	-3.32817861e-001	
8.63832705e+001	-3.31891618e-001	
8.65383571e+001	-3.29707559e-001	
8.66934438e+001	-3.26532697e-001	
8.68485305e+001	-3.21690733e-001	
8.70036171e+001	-3.15784226e-001	
8.71587038e+001	-3.08507717e-001	
8.73137905e+001	-3.00189239e-001	
8.74688771e+001	-2.90322030e-001	
8.76239638e+001	-2.79214602e-001	
8.77790504e+001	-2.69904552e-001	
8.79341371e+001	-2.61813036e-001	
8.80892238e+001	-2.56379608e-001	
8.82443104e+001	-2.49869334e-001	
8.83993971e+001	-2.43072025e-001	
8.85544838e+001	-2.41062006e-001	
8.87095704e+001	-2.39328167e-001	
8.88646571e+001	-2.37863682e-001	
8.90197437e+001	-2.38441260e-001	
8.91748304e+001	-2.39807192e-001	
8.93299171e+001	-2.42666349e-001	
8.94850037e+001	-2.45525507e-001	
8.96400904e+001	-2.48954628e-001	
8.97951770e+001	-2.54002480e-001	
8.99502637e+001	-2.60798804e-001	
9.01053504e+001	-2.68612611e-001	
9.02604370e+001	-2.78085163e-001	
9.04155237e+001	-2.87666108e-001	
9.05706104e+001	-2.97382041e-001	
9.07256970e+001	-3.10827821e-001	
9.08807837e+001	-3.25609236e-001	
9.10358703e+001	-3.42002598e-001	
9.11909570e+001	-3.58829922e-001	
9.13460437e+001	-3.76862422e-001	
9.15011303e+001	-3.93940383e-001	
9.16562170e+001	-4.09252997e-001	
9.18113036e+001	-4.23060722e-001	
9.19663903e+001	-4.33144380e-001	
9.21214770e+001	-4.39125910e-001	
9.22765636e+001	-4.42857889e-001	
9.24316503e+001	-4.46589867e-001	
9.25867370e+001	-4.50168384e-001	
9.27418236e+001	-4.53606952e-001	
9.28969103e+001	-4.54206991e-001	
9.30519969e+001	-4.54401511e-001	
9.32070836e+001	-4.54711847e-001	
9.33621703e+001	-4.55022183e-001	
9.35172569e+001	-4.55234192e-001	
9.36723436e+001	-4.55189694e-001	
9.38274302e+001	-4.55145197e-001	
9.39825169e+001	-4.55139754e-001	
9.41376036e+001	-4.55348588e-001	
9.42926902e+001	-4.55339462e-001	
9.44477769e+001	-4.55168803e-001	
9.46028636e+001	-4.54633573e-001	
9.47579502e+001	-4.54195839e-001	
9.49130369e+001	-4.53868140e-001	
9.50681235e+001	-4.53023503e-001	
9.52232102e+001	-4.51828254e-001	
9.53782969e+001	-4.50146143e-001	
9.55333835e+001	-4.47295517e-001	
9.56884702e+001	-4.43295656e-001	
9.58435568e+001	-4.36419841e-001	
9.59986435e+001	-4.27659684e-001	
9.61537302e+001	-4.17445695e-001	
9.63088168e+001	-4.02837614e-001	
9.64639035e+001	-3.87407434e-001	
9.66189902e+001	-3.71275886e-001	
9.67740768e+001	-3.50733478e-001	
9.69291635e+001	-3.26704360e-001	
9.70842501e+001	-3.00599106e-001	
9.72393368e+001	-2.79125691e-001	
9.73944235e+001	-2.59863558e-001	
9.75495101e+001	-2.44032430e-001	
9.77045968e+001	-2.28201303e-001	
9.78596834e+001	-2.12685972e-001	
9.80147701e+001	-1.98703374e-001	
9.81698568e+001	-1.86653081e-001	
9.83249434e+001	-1.76061978e-001	
9.84800301e+001	-1.69852963e-001	
9.86351168e+001	-1.64049960e-001	
9.87902034e+001	-1.58675554e-001	
9.89452901e+001	-1.54292659e-001	
9.91003767e+001	-1.52409277e-001	
9.92554634e+001	-1.50525895e-001	
9.94105501e+001	-1.50112129e-001	
9.95656367e+001	-1.50558680e-001	
9.97207234e+001	-1.52575853e-001	
9.98758100e+001	-1.56094395e-001	
1.00030897e+002	-1.60193022e-001	
1.00185983e+002	-1.63323540e-001	
1.00341070e+002	-1.67042619e-001	
1.00496157e+002	-1.71231193e-001	
1.00651243e+002	-1.71959377e-001	
1.00806330e+002	-1.70748180e-001	
1.00961417e+002	-1.70867042e-001	
1.01116503e+002	-1.68751381e-001	
1.01271590e+002	-1.65926477e-001	
1.01426677e+002	-1.62255566e-001	
1.01581763e+002	-1.56246218e-001	
1.01736850e+002	-1.50054681e-001	
1.01891937e+002	-1.46470170e-001	
1.02047023e+002	-1.42885660e-001	
1.02202110e+002	-1.39210661e-001	
1.02357197e+002	-1.34225219e-001	
1.02512283e+002	-1.29753151e-001	
1.02667370e+002	-1.25788089e-001	
1.02822457e+002	-1.22092419e-001	
1.02977543e+002	-1.18507005e-001	
1.03132630e+002	-1.14194275e-001	
1.03287717e+002	-1.11219056e-001	
1.03442803e+002	-1.08539925e-001	
1.03597890e+002	-1.05860795e-001	
1.03752977e+002	-1.02867149e-001	
1.03908063e+002	-9.97475274e-002	
1.04063150e+002	-9.67019801e-002	
1.04218237e+002	-9.39599711e-002	
1.04373323e+002	-9.14396037e-002	
1.04528410e+002	-8.85200008e-002	
1.04683497e+002	-8.53606524e-002	
1.04838583e+002	-8.25708913e-002	
1.04993670e+002	-7.96272053e-002	
1.05148757e+002	-7.66070373e-002	
1.05303843e+002	-7.34692599e-002	
1.05458930e+002	-7.09865435e-002	
1.05614017e+002	-6.88543971e-002	
1.05769103e+002	-6.73071288e-002	
1.05924190e+002	-6.57598605e-002	
1.06079277e+002	-6.42431759e-002	
1.06234363e+002	-6.30722958e-002	
1.06389450e+002	-6.23465324e-002	
1.06544536e+002	-6.20319825e-002	
1.06699623e+002	-6.12220152e-002	
1.06854710e+002	-6.14338192e-002	
1.07009796e+002	-6.23017930e-002	
1.07164883e+002	-6.26208328e-002	
1.07319970e+002	-6.30330752e-002	
1.07475056e+002	-6.39789226e-002	
1.07630143e+002	-6.53032991e-002	
1.07785230e+002	-6.67804122e-002	
1.07940316e+002	-6.82575253e-002	
1.08095403e+002	-7.04303071e-002	
1.08250490e+002	-7.31110864e-002	
1.08405576e+002	-7.66118924e-002	
1.08560663e+002	-7.89042812e-002	
1.08715750e+002	-8.18589470e-002	
1.08870836e+002	-8.48136128e-002	
1.09025923e+002	-8.87763778e-002	
1.09181010e+002	-9.46636660e-002	
1.09336096e+002	-9.78985859e-002	
1.09491183e+002	-1.00665624e-001	
1.09646270e+002	-1.04386336e-001	
1.09801356e+002	-1.06045017e-001	
1.09956443e+002	-1.06567548e-001	
1.10111530e+002	-1.06436740e-001	
1.10266616e+002	-1.05729228e-001	
1.10421703e+002	-1.04523419e-001	
1.10576790e+002	-1.03135264e-001	
1.10731876e+002	-1.02127425e-001	
1.10886963e+002	-1.01119585e-001	
1.11042050e+002	-9.97798582e-002	
1.11197136e+002	-9.84456722e-002	
1.11352223e+002	-9.72656317e-002	
1.11507310e+002	-9.63583083e-002	
1.11662396e+002	-9.55522822e-002	
1.11817483e+002	-9.47462561e-002	
1.11972570e+002	-9.38147983e-002	
1.12127656e+002	-9.28281824e-002	
1.12282743e+002	-9.24025439e-002	
1.12437830e+002	-9.19013051e-002	
1.12592916e+002	-9.14116339e-002	
1.12748003e+002	-9.09219628e-002	
1.12903090e+002	-9.04333971e-002	
1.13058176e+002	-8.99467861e-002	
1.13213263e+002	-8.90355242e-002	
1.13368350e+002	-8.81804804e-002	
1.13523436e+002	-8.78489949e-002	
1.13678523e+002	-8.66046438e-002	
1.13833610e+002	-8.48328450e-002	
1.13988696e+002	-8.23656220e-002	
1.14143783e+002	-7.96511465e-002	
1.14298870e+002	-7.67369360e-002	
1.14453956e+002	-7.44770651e-002	
1.14609043e+002	-7.15554193e-002	
1.14764130e+002	-6.81148950e-002	
1.14919216e+002	-6.63089645e-002	
1.15074303e+002	-6.47500021e-002	
1.15229390e+002	-6.31910398e-002	
1.15384476e+002	-6.16485489e-002	
1.15539563e+002	-6.02534857e-002	
1.15694650e+002	-5.94857814e-002	
1.15849736e+002	-5.88983817e-002	
1.16004823e+002	-5.84336499e-002	
1.16159910e+002	-5.81753912e-002	
1.16314996e+002	-5.82384381e-002	
1.16470083e+002	-5.86347863e-002	
1.16625169e+002	-5.90311346e-002	
1.16780256e+002	-5.95501296e-002	
1.16935343e+002	-6.02717308e-002	
1.17090429e+002	-6.15716308e-002	
1.17245516e+002	-6.30857031e-002	
1.17400603e+002	-6.48446435e-002	
1.17555689e+002	-6.66035839e-002	
1.17710776e+002	-6.84929002e-002	
1.17865863e+002	-7.12451355e-002	
1.18020949e+002	-7.43391745e-002	
1.18176036e+002	-7.74049179e-002	
1.18331123e+002	-7.96828296e-002	
1.18486209e+002	-8.19607412e-002	
1.18641296e+002	-8.42386528e-002	
1.18796383e+002	-8.62020542e-002	
1.18951469e+002	-8.78560482e-002	
1.19106556e+002	-8.89493350e-002	
1.19261643e+002	-8.95653941e-002	
1.19416729e+002	-9.00328104e-002	
1.19571816e+002	-9.05002268e-002	
1.19726903e+002	-9.10988799e-002	
1.19881989e+002	-9.17488080e-002	
1.20037076e+002	-9.21310211e-002	
1.20192163e+002	-9.26962742e-002	
1.20347249e+002	-9.33391429e-002	
1.20502336e+002	-9.41506796e-002	
1.20657423e+002	-9.49619176e-002	
1.20812509e+002	-9.57605172e-002	
1.20967596e+002	-9.69385381e-002	
1.21122683e+002	-9.81201102e-002	
1.21277769e+002	-9.91053862e-002	
1.21432856e+002	-1.00090662e-001	
1.21587943e+002	-1.01146026e-001	
1.21743029e+002	-1.02605122e-001	
1.21898116e+002	-1.04045888e-001	
1.22053203e+002	-1.05838598e-001	
1.22208289e+002	-1.06474948e-001	
1.22363376e+002	-1.07111299e-001	
1.22518463e+002	-1.07747649e-001	
1.22673549e+002	-1.06962867e-001	
1.22828636e+002	-1.05096566e-001	
1.22983723e+002	-1.01435296e-001	
1.23138809e+002	-9.79130281e-002	
1.23293896e+002	-9.44301883e-002	
1.23448983e+002	-9.09473485e-002	
1.23604069e+002	-8.68268627e-002	
1.23759156e+002	-8.24208557e-002	
1.23914243e+002	-7.84776887e-002	
1.24069329e+002	-7.64177402e-002	
1.24224416e+002	-7.42068267e-002	
1.24379503e+002	-7.19959131e-002	
1.24534589e+002	-6.98051383e-002	
1.24689676e+002	-6.76432977e-002	
1.24844763e+002	-6.61640158e-002	
1.24999849e+002	-6.49936014e-002	
1.25154936e+002	-6.42876999e-002	
1.25310023e+002	-6.35817984e-002	
1.25465109e+002	-6.29648553e-002	
1.25620196e+002	-6.27994756e-002	
1.25775283e+002	-6.26340958e-002	
1.25930369e+002	-6.30866700e-002	
1.26085456e+002	-6.37924094e-002	
1.26240543e+002	-6.44981487e-002	
1.26395629e+002	-6.52038880e-002	
1.26550716e+002	-6.64326392e-002	
1.26705802e+002	-6.82592702e-002	
1.26860889e+002	-7.10781769e-002	
1.27015976e+002	-7.35876894e-002	
1.27171062e+002	-7.60178235e-002	
1.27326149e+002	-7.84479576e-002	
1.27481236e+002	-8.15435135e-002	
1.27636322e+002	-8.48609628e-002	
1.27791409e+002	-8.73689900e-002	
1.27946496e+002	-9.06121968e-002	
1.28101582e+002	-9.39025006e-002	
1.28256669e+002	-9.66013842e-002	
1.28411756e+002	-9.91534960e-002	
1.28566842e+002	-1.01517917e-001	
1.28721929e+002	-1.05410826e-001	
1.28877016e+002	-1.09130026e-001	
1.29032102e+002	-1.11909029e-001	
1.29187189e+002	-1.14688032e-001	
1.29342276e+002	-1.17621979e-001	
1.29497362e+002	-1.21255827e-001	
1.29652449e+002	-1.25306840e-001	
1.29807536e+002	-1.30084792e-001	
1.29962622e+002	-1.33639739e-001	
1.30117709e+002	-1.37845476e-001	
1.30272796e+002	-1.42710174e-001	
1.30427882e+002	-1.46887677e-001	
1.30582969e+002	-1.51506384e-001	
1.30738056e+002	-1.56943188e-001	
1.30893142e+002	-1.61288415e-001	
1.31048229e+002	-1.65381717e-001	
1.31203316e+002	-1.69475019e-001	
1.31358402e+002	-1.72509304e-001	
1.31513489e+002	-1.74597781e-001	
1.31668576e+002	-1.73494320e-001	
1.31823662e+002	-1.74956986e-001	
1.31978749e+002	-1.75381632e-001	
1.32133836e+002	-1.71480036e-001	
1.32288922e+002	-1.67485908e-001	
1.32444009e+002	-1.63375851e-001	
1.32599096e+002	-1.59570393e-001	
1.32754182e+002	-1.56522652e-001	
1.32909269e+002	-1.54992820e-001	
1.33064356e+002	-1.54280291e-001	
1.33219442e+002	-1.54254873e-001	
1.33374529e+002	-1.55964466e-001	
1.33529616e+002	-1.58992302e-001	
1.33684702e+002	-1.65088771e-001	
1.33839789e+002	-1.68992925e-001	
1.33994876e+002	-1.75260529e-001	
1.34149962e+002	-1.83766946e-001	
1.34305049e+002	-1.93387725e-001	
1.34460136e+002	-2.04335802e-001	
1.34615222e+002	-2.17266968e-001	
1.34770309e+002	-2.33427744e-001	
1.34925396e+002	-2.50963555e-001	
1.35080482e+002	-2.70440387e-001	
1.35235569e+002	-2.91065191e-001	
1.35390656e+002	-3.12465060e-001	
1.35545742e+002	-3.35622669e-001	
1.35700829e+002	-3.59124060e-001	
1.35855916e+002	-3.80999335e-001	
1.36011002e+002	-3.99763070e-001	
1.36166089e+002	-4.17544367e-001	
1.36321176e+002	-4.34174159e-001	
1.36476262e+002	-4.44195820e-001	
1.36631349e+002	-4.52472945e-001	
1.36786435e+002	-4.58783601e-001	
1.36941522e+002	-4.63292457e-001	
1.37096609e+002	-4.66792588e-001	
1.37251695e+002	-4.68503779e-001	
1.37406782e+002	-4.69710631e-001	
1.37561869e+002	-4.70577784e-001	
1.37716955e+002	-4.71161751e-001	
1.37872042e+002	-4.71572857e-001	
1.38027129e+002	-4.71830800e-001	
1.38182215e+002	-4.71875384e-001	
1.38337302e+002	-4.71913086e-001	
1.38492389e+002	-4.71950788e-001	
1.38647475e+002	-4.71889260e-001	
1.38802562e+002	-4.71809643e-001	
1.38957649e+002	-4.71730025e-001	
1.39112735e+002	-4.71562077e-001	
1.39267822e+002	-4.71338977e-001	
1.39422909e+002	-4.71005304e-001	
1.39577995e+002	-4.70159123e-001	
1.39733082e+002	-4.68600982e-001	
1.39888169e+002	-4.67892241e-001	
1.40043255e+002	-4.65269592e-001	
1.40198342e+002	-4.60549086e-001	
1.40353429e+002	-4.55828580e-001	
1.40508515e+002	-4.49054085e-001	
1.40663602e+002	-4.38534076e-001	
1.40818689e+002	-4.23742006e-001	
1.40973775e+002	-4.07358163e-001	
1.41128862e+002	-3.89396742e-001	
1.41283949e+002	-3.69916386e-001	
1.41439035e+002	-3.52019094e-001	
1.41594122e+002	-3.39164880e-001	
1.41749209e+002	-3.26310667e-001	
1.41904295e+002	-3.13456454e-001	
1.42059382e+002	-2.98836457e-001	
1.42214469e+002	-2.86514870e-001	
1.42369555e+002	-2.77351684e-001	
1.42524642e+002	-2.71254245e-001	
1.42679729e+002	-2.65645556e-001	
1.42834815e+002	-2.60036866e-001	
1.42989902e+002	-2.55648045e-001	
1.43144989e+002	-2.51959658e-001	
1.43300075e+002	-2.49521209e-001	
1.43455162e+002	-2.49254880e-001	
1.43610249e+002	-2.50113700e-001	
1.43765335e+002	-2.50514163e-001	
1.43920422e+002	-2.52606573e-001	
1.44075509e+002	-2.56433757e-001	
1.44230595e+002	-2.61377579e-001	
1.44385682e+002	-2.66793191e-001	
1.44540769e+002	-2.72871651e-001	
1.44695855e+002	-2.84379460e-001	
1.44850942e+002	-2.96133772e-001	
1.45006029e+002	-3.04756484e-001	
1.45161115e+002	-3.13379196e-001	
1.45316202e+002	-3.21546326e-001	
1.45471289e+002	-3.31930091e-001	
1.45626375e+002	-3.38035418e-001	
1.45781462e+002	-3.40829242e-001	
1.45936549e+002	-3.44626990e-001	
1.46091635e+002	-3.47659845e-001	
1.46246722e+002	-3.49721677e-001	
1.46401809e+002	-3.50431694e-001	
1.46556895e+002	-3.50955930e-001	
1.46711982e+002	-3.51480166e-001	
1.46867068e+002	-3.51608520e-001	
1.47022155e+002	-3.51609293e-001	
1.47177242e+002	-3.51610065e-001	
1.47332328e+002	-3.51716395e-001	
1.47487415e+002	-3.51899585e-001	
1.47642502e+002	-3.51777917e-001	
1.47797588e+002	-3.51686638e-001	
1.47952675e+002	-3.51624497e-001	
1.48107762e+002	-3.51562356e-001	
1.48262848e+002	-3.51402412e-001	
1.48417935e+002	-3.51087872e-001	
1.48573022e+002	-3.50216311e-001	
1.48728108e+002	-3.49160977e-001	
1.48883195e+002	-3.47920892e-001	
1.49038282e+002	-3.46045479e-001	
1.49193368e+002	-3.43830134e-001	
1.49348455e+002	-3.37252508e-001	
1.49503542e+002	-3.29561871e-001	
1.49658628e+002	-3.21022140e-001	
1.49813715e+002	-3.10190885e-001	
1.49968802e+002	-2.99359630e-001	
1.50123888e+002	-2.88528375e-001	
1.50278975e+002	-2.71963299e-001	
1.50434062e+002	-2.56613287e-001	
1.50589148e+002	-2.45009059e-001	
1.50744235e+002	-2.33265561e-001	
1.50899322e+002	-2.22238611e-001	
1.51054408e+002	-2.14036208e-001	
1.51209495e+002	-2.06637527e-001	
1.51364582e+002	-1.98590055e-001	
1.51519668e+002	-1.93107696e-001	
1.51674755e+002	-1.87912703e-001	
1.51829842e+002	-1.82975539e-001	
1.51984928e+002	-1.80590321e-001	
1.52140015e+002	-1.77490538e-001	
1.52295102e+002	-1.73203397e-001	
1.52450188e+002	-1.73541961e-001	
1.52605275e+002	-1.74054477e-001	
1.52760362e+002	-1.72805097e-001	
1.52915448e+002	-1.73931364e-001	
1.53070535e+002	-1.75837835e-001	
1.53225622e+002	-1.78104793e-001	
1.53380708e+002	-1.82615389e-001	
1.53535795e+002	-1.88602530e-001	
1.53690882e+002	-1.93533063e-001	
1.53845968e+002	-1.98463596e-001	
1.54001055e+002	-2.03394129e-001	
1.54156142e+002	-2.10687338e-001	
1.54311228e+002	-2.16612927e-001	
1.54466315e+002	-2.19591429e-001	
1.54621402e+002	-2.23502293e-001	
1.54776488e+002	-2.27087062e-001	
1.54931575e+002	-2.28727829e-001	
1.55086662e+002	-2.29670112e-001	
1.55241748e+002	-2.30516560e-001	
1.55396835e+002	-2.31039424e-001	
1.55551922e+002	-2.31346376e-001	
1.55707008e+002	-2.31472168e-001	
1.55862095e+002	-2.31597959e-001	
1.56017182e+002	-2.31751426e-001	
1.56172268e+002	-2.31942987e-001	
1.56327355e+002	-2.31838886e-001	
1.56482442e+002	-2.31730263e-001	
1.56637528e+002	-2.31724993e-001	
1.56792615e+002	-2.31678355e-001	
1.56947701e+002	-2.31673585e-001	
1.57102788e+002	-2.31598624e-001	
1.57257875e+002	-2.31523663e-001	
1.57412961e+002	-2.31423986e-001	
1.57568048e+002	-2.30874424e-001	
1.57723135e+002	-2.29923048e-001	
1.57878221e+002	-2.28554478e-001	
1.58033308e+002	-2.26861368e-001	
1.58188395e+002	-2.25143513e-001	
1.58343481e+002	-2.23425658e-001	
1.58498568e+002	-2.16666065e-001	
1.58653655e+002	-2.08559351e-001	
1.58808741e+002	-2.00034555e-001	
1.58963828e+002	-1.91511654e-001	
1.59118915e+002	-1.81874392e-001	
1.59274001e+002	-1.72390265e-001	
1.59429088e+002	-1.62973167e-001	
1.59584175e+002	-1.53608688e-001	
1.59739261e+002	-1.45391269e-001	
1.59894348e+002	-1.38238226e-001	
1.60049435e+002	-1.32452158e-001	
1.60204521e+002	-1.26666091e-001	
1.60359608e+002	-1.21357549e-001	
1.60514695e+002	-1.17089448e-001	
1.60669781e+002	-1.12821346e-001	
1.60824868e+002	-1.09114771e-001	
1.60979955e+002	-1.05637635e-001	
1.61135041e+002	-1.02426675e-001	
1.61290128e+002	-9.94961905e-002	
1.61445215e+002	-9.82494087e-002	
1.61600301e+002	-9.70026268e-002	
1.61755388e+002	-9.57558450e-002	
1.61910475e+002	-9.47119048e-002	
1.62065561e+002	-9.41712331e-002	
1.62220648e+002	-9.44180042e-002	
1.62375735e+002	-9.54340908e-002	
1.62530821e+002	-9.67534393e-002	
1.62685908e+002	-9.84617631e-002	
1.62840995e+002	-1.00163529e-001	
1.62996081e+002	-1.02145647e-001	
1.63151168e+002	-1.04878062e-001	
1.63306255e+002	-1.06656622e-001	
1.63461341e+002	-1.07736134e-001	
1.63616428e+002	-1.08815647e-001	
1.63771515e+002	-1.09866315e-001	
1.63926601e+002	-1.10882325e-001	
1.64081688e+002	-1.11251474e-001	
1.64236775e+002	-1.11471301e-001	
1.64391861e+002	-1.11546621e-001	
1.64546948e+002	-1.11621940e-001	
1.64702035e+002	-1.11702565e-001	
1.64857121e+002	-1.11878824e-001	
1.65012208e+002	-1.11904839e-001	
1.65167295e+002	-1.11854804e-001	
1.65322381e+002	-1.11868652e-001	
1.65477468e+002	-1.11882500e-001	
1.65632555e+002	-1.11896347e-001	
1.65787641e+002	-1.11835913e-001	
1.65942728e+002	-1.11772583e-001	
1.66097815e+002	-1.11709252e-001	
1.66252901e+002	-1.11584861e-001	
1.66407988e+002	-1.11375780e-001	
1.66563075e+002	-1.10977169e-001	
1.66718161e+002	-1.10379635e-001	
1.66873248e+002	-1.09537149e-001	
1.67028334e+002	-1.08694663e-001	
1.67183421e+002	-1.07204874e-001	
1.67338508e+002	-1.05228876e-001	
1.67493594e+002	-1.01954872e-001	
1.67648681e+002	-9.80251209e-002	
1.67803768e+002	-9.33583913e-002	
1.67958854e+002	-8.76898851e-002	
1.68113941e+002	-8.18306437e-002	
1.68269028e+002	-7.58010312e-002	
1.68424114e+002	-6.99172176e-002	
1.68579201e+002	-6.49644188e-002	
1.68734288e+002	-6.08279344e-002	
1.68889374e+002	-5.66914499e-002	
1.69044461e+002	-5.24952034e-002	
1.69199548e+002	-4.77732652e-002	
1.69354634e+002	-4.35749763e-002	
1.69509721e+002	-3.98216399e-002	
1.69664808e+002	-3.66293541e-002	
1.69819894e+002	-3.33705719e-002	
1.69974981e+002	-3.00024578e-002	
1.70130068e+002	-2.72185026e-002	
1.70285154e+002	-2.44268310e-002	
1.70440241e+002	-2.13820905e-002	
1.70595328e+002	-1.91789958e-002	
1.70750414e+002	-1.67433152e-002	
1.70905501e+002	-1.37909074e-002	
1.71060588e+002	-1.11598834e-002	
1.71215674e+002	-8.71905737e-003	
1.71370761e+002	-5.98848758e-003	
1.71525848e+002	-3.63591493e-003	
1.71680934e+002	-1.68072587e-003	
1.71836021e+002	2.74463197e-004	
1.71991108e+002	2.13719858e-003	
1.72146194e+002	3.83877746e-003	
1.72301281e+002	5.12275746e-003	
1.72456368e+002	6.02967764e-003	
1.72611454e+002	6.54175392e-003	
1.72766541e+002	6.98069119e-003	
1.72921628e+002	7.35833214e-003	
1.73076714e+002	7.53628161e-003	
1.73231801e+002	7.71423109e-003	
1.73386888e+002	7.89218056e-003	
1.73541974e+002	7.89871177e-003	
1.73697061e+002	7.90452929e-003	
1.73852148e+002	7.91034682e-003	
1.74007234e+002	7.91583845e-003	
1.74162321e+002	7.91977755e-003	
1.74317408e+002	7.92038851e-003	
1.74472494e+002	7.90485904e-003	
1.74627581e+002	7.90271599e-003	
1.74782668e+002	7.91486445e-003	
1.74937754e+002	7.92248620e-003	
1.75092841e+002	7.92999715e-003	
1.75247928e+002	7.97425628e-003	
1.75403014e+002	8.03897477e-003	
1.75558101e+002	8.12381753e-003	
1.75713188e+002	8.20866028e-003	
1.75868274e+002	8.34958617e-003	
1.76023361e+002	8.58153767e-003	
1.76178448e+002	9.11055398e-003	
1.76333534e+002	9.59936027e-003	
1.76488621e+002	1.01211906e-002	
1.76643708e+002	1.11724860e-002	
1.76798794e+002	1.24394971e-002	
1.76953881e+002	1.36133753e-002	
1.77108968e+002	1.53747136e-002	
1.77264054e+002	1.75663530e-002	
1.77419141e+002	1.93027399e-002	
1.77574227e+002	2.10391267e-002	
1.77729314e+002	2.27755136e-002	
1.77884401e+002	2.56000115e-002	
1.78039487e+002	2.82496986e-002	
1.78194574e+002	3.02648923e-002	
1.78349661e+002	3.25313878e-002	
1.78504747e+002	3.54097682e-002	
1.78659834e+002	3.89098023e-002	
1.78814921e+002	4.19511608e-002	
1.78970007e+002	4.47386890e-002	
1.79125094e+002	4.75262172e-002	
1.79280181e+002	5.12807045e-002	
1.79435267e+002	5.59247980e-002	
1.79590354e+002	6.02215404e-002	
1.79745441e+002	6.45271514e-002	
1.79900527e+002	6.88684385e-002	
1.80055614e+002	7.42314860e-002	
1.80210701e+002	7.91873692e-002	
1.80365787e+002	8.45309576e-002	
1.80520874e+002	9.10257271e-002	
1.80675961e+002	9.79292368e-002	
1.80831047e+002	1.04534901e-001	
1.80986134e+002	1.10157906e-001	
1.81141221e+002	1.15063809e-001	
1.81296307e+002	1.18772725e-001	
1.81451394e+002	1.21713863e-001	
1.81606481e+002	1.23781219e-001	
1.81761567e+002	1.24755622e-001	
1.81916654e+002	1.25616964e-001	
1.82071741e+002	1.26478307e-001	
1.82226827e+002	1.26920580e-001	
1.82381914e+002	1.27328881e-001	
1.82537001e+002	1.27441661e-001	
1.82692087e+002	1.27506214e-001	
1.82847174e+002	1.27545974e-001	
1.83002261e+002	1.27585734e-001	
1.83157347e+002	1.27653723e-001	
1.83312434e+002	1.27746005e-001	
1.83467521e+002	1.27731991e-001	
1.83622607e+002	1.27707887e-001	
1.83777694e+002	1.27673221e-001	
1.83932781e+002	1.27638555e-001	
1.84087867e+002	1.27617349e-001	
1.84242954e+002	1.27557964e-001	
1.84398041e+002	1.27295238e-001	
1.84553127e+002	1.26928562e-001	
1.84708214e+002	1.26419915e-001	
1.84863301e+002	1.25911267e-001	
1.85018387e+002	1.25361108e-001	
1.85173474e+002	1.23946715e-001	
1.85328561e+002	1.22199330e-001	
1.85483647e+002	1.20097484e-001	
1.85638734e+002	1.17544686e-001	
1.85793821e+002	1.14825818e-001	
1.85948907e+002	1.11880151e-001	
1.86103994e+002	1.09670270e-001	
1.86259081e+002	1.07675893e-001	
1.86414167e+002	1.06416655e-001	
1.86569254e+002	1.05355548e-001	
1.86724341e+002	1.04573960e-001	
1.86879427e+002	1.05207525e-001	
1.87034514e+002	1.05995058e-001	
1.87189601e+002	1.06906463e-001	
1.87344687e+002	1.08877996e-001	
1.87499774e+002	1.11117637e-001	
1.87654860e+002	1.13700609e-001	
1.87809947e+002	1.16712023e-001	
1.87965034e+002	1.19575750e-001	
1.88120120e+002	1.23306163e-001	
1.88275207e+002	1.28328798e-001	
1.88430294e+002	1.33775908e-001	
1.88585380e+002	1.39163821e-001	
1.88740467e+002	1.45710478e-001	
1.88895554e+002	1.53055318e-001	
1.89050640e+002	1.61897683e-001	
1.89205727e+002	1.70743571e-001	
1.89360814e+002	1.79592966e-001	
1.89515900e+002	1.89547529e-001	
1.89670987e+002	1.99801469e-001	
1.89826074e+002	2.10430828e-001	
1.89981160e+002	2.19296726e-001	
1.90136247e+002	2.27906638e-001	
1.90291334e+002	2.33971925e-001	
1.90446420e+002	2.37619397e-001	
1.90601507e+002	2.40199570e-001	
1.90756594e+002	2.42779744e-001	
1.90911680e+002	2.44525475e-001	
1.91066767e+002	2.45643891e-001	
1.91221854e+002	2.46762308e-001	
1.91376940e+002	2.47314063e-001	
1.91532027e+002	2.47167403e-001	
1.91687114e+002	2.47512554e-001	
1.91842200e+002	2.47720401e-001	
1.91997287e+002	2.47683230e-001	
1.92152374e+002	2.47646059e-001	
1.92307460e+002	2.47579280e-001	
1.92462547e+002	2.47395589e-001	
1.92617634e+002	2.47408915e-001	
1.92772720e+002	2.47527830e-001	
1.92927807e+002	2.47589363e-001	
1.93082894e+002	2.47421684e-001	
1.93237980e+002	2.47040467e-001	
1.93393067e+002	2.46717739e-001	
1.93548154e+002	2.45981930e-001	
1.93703240e+002	2.44608750e-001	
1.93858327e+002	2.42991974e-001	
1.94013414e+002	2.40839565e-001	
1.94168500e+002	2.38097031e-001	
1.94323587e+002	2.33296532e-001	
1.94478674e+002	2.27615021e-001	
1.94633760e+002	2.21692845e-001	
1.94788847e+002	2.14776107e-001	
1.94943934e+002	2.07222609e-001	
1.95099020e+002	2.01968888e-001	
1.95254107e+002	1.96660149e-001	
1.95409194e+002	1.91288039e-001	
1.95564280e+002	1.87594902e-001	
1.95719367e+002	1.85097897e-001	
1.95874454e+002	1.83938201e-001	
1.96029540e+002	1.83386367e-001	
1.96184627e+002	1.83389701e-001	
1.96339714e+002	1.84764181e-001	
1.96494800e+002	1.86138661e-001	
1.96649887e+002	1.87686539e-001	
1.96804974e+002	1.90870383e-001	
1.96960060e+002	1.95635072e-001	
1.97115147e+002	2.01777220e-001	
1.97270234e+002	2.08269064e-001	
1.97425320e+002	2.14770653e-001	
1.97580407e+002	2.21272241e-001	
1.97735493e+002	2.29169535e-001	
1.97890580e+002	2.38340761e-001	
1.98045667e+002	2.47511987e-001	
1.98200753e+002	2.61782734e-001	
1.98355840e+002	2.77652190e-001	
1.98510927e+002	2.91932604e-001	
1.98666013e+002	3.04845747e-001	
1.98821100e+002	3.17015869e-001	
1.98976187e+002	3.32611633e-001	
1.99131273e+002	3.43334541e-001	
1.99286360e+002	3.48804809e-001	
1.99441447e+002	3.54275077e-001	
1.99596533e+002	3.58771537e-001	
1.99751620e+002	3.63143917e-001	
1.99906707e+002	3.64830044e-001	
2.00061793e+002	3.65707938e-001	
2.00216880e+002	3.66184699e-001	
2.00371967e+002	3.66890072e-001	
2.00527053e+002	3.67606438e-001	
2.00682140e+002	3.67537133e-001	
2.00837227e+002	3.67564190e-001	
2.00992313e+002	3.67669763e-001	
2.01147400e+002	3.67644545e-001	
2.01302487e+002	3.67617950e-001	
2.01457573e+002	3.67591356e-001	
2.01612660e+002	3.67460896e-001	
2.01767747e+002	3.67283204e-001	
2.01922833e+002	3.67105512e-001	
2.02077920e+002	3.66911609e-001	
2.02233007e+002	3.66571608e-001	
2.02388093e+002	3.65601284e-001	
2.02543180e+002	3.64594608e-001	
2.02698267e+002	3.63417542e-001	
2.02853353e+002	3.59892891e-001	
2.03008440e+002	3.55444590e-001	
2.03163527e+002	3.50064877e-001	
2.03318613e+002	3.42160557e-001	
2.03473700e+002	3.34063721e-001	
2.03628787e+002	3.23759944e-001	
2.03783873e+002	3.11752598e-001	
2.03938960e+002	3.00317261e-001	
2.04094047e+002	2.91737344e-001	
2.04249133e+002	2.82468178e-001	
2.04404220e+002	2.73657205e-001	
2.04559307e+002	2.70016990e-001	
2.04714393e+002	2.66376775e-001	
2.04869480e+002	2.62741196e-001	
2.05024567e+002	2.59841033e-001	
2.05179653e+002	2.58359591e-001	
2.05334740e+002	2.58649054e-001	
2.05489827e+002	2.61263071e-001	
2.05644913e+002	2.64248013e-001	
2.05800000e+002	2.67027847e-001	
2.05955087e+002	2.70836527e-001	
2.06110173e+002	2.75962000e-001	
2.06265260e+002	2.85084001e-001	
2.06420347e+002	2.93974881e-001	
2.06575433e+002	3.02865112e-001	
2.06730520e+002	3.13344427e-001	
2.06885607e+002	3.27169462e-001	
2.07040693e+002	3.44150548e-001	
2.07195780e+002	3.58362621e-001	
2.07350867e+002	3.74011245e-001	
2.07505953e+002	3.95999600e-001	
2.07661040e+002	4.13840452e-001	
2.07816126e+002	4.30647126e-001	
2.07971213e+002	4.46947767e-001	
2.08126300e+002	4.58453368e-001	
2.08281386e+002	4.67626356e-001	
2.08436473e+002	4.74760145e-001	
2.08591560e+002	4.80059654e-001	
2.08746646e+002	4.83954863e-001	
2.08901733e+002	4.83598789e-001	
2.09056820e+002	4.84678190e-001	
2.09211906e+002	4.87432845e-001	
2.09366993e+002	4.87461717e-001	
2.09522080e+002	4.87453582e-001	
2.09677166e+002	4.87445447e-001	
2.09832253e+002	4.87675289e-001	
2.09987340e+002	4.87877532e-001	
2.10142426e+002	4.87731034e-001	
2.10297513e+002	4.87677585e-001	
2.10452600e+002	4.87673327e-001	
2.10607686e+002	4.87669068e-001	
2.10762773e+002	4.87554776e-001	
2.10917860e+002	4.87343397e-001	
2.11072946e+002	4.86768268e-001	
2.11228033e+002	4.86109216e-001	
2.11383120e+002	4.85245660e-001	
2.11538206e+002	4.83079176e-001	
2.11693293e+002	4.80058940e-001	
2.11848380e+002	4.75490995e-001	
2.12003466e+002	4.70923049e-001	
2.12158553e+002	4.65143604e-001	
2.12313640e+002	4.53120431e-001	
2.12468726e+002	4.39879123e-001	
2.12623813e+002	4.25507697e-001	
2.12778900e+002	4.03335838e-001	
2.12933986e+002	3.82197272e-001	
2.13089073e+002	3.62186596e-001	
2.13244160e+002	3.35929255e-001	
2.13399246e+002	3.12175017e-001	
2.13554333e+002	2.91707027e-001	
2.13709420e+002	2.68495080e-001	
2.13864506e+002	2.46616824e-001	
2.14019593e+002	2.31502729e-001	
2.14174680e+002	2.18063796e-001	
2.14329766e+002	2.05514794e-001	
2.14484853e+002	1.93519264e-001	
2.14639940e+002	1.84381653e-001	
2.14795026e+002	1.77602088e-001	
2.14950113e+002	1.71750866e-001	
2.15105200e+002	1.64730801e-001	
2.15260286e+002	1.61633898e-001	
2.15415373e+002	1.59965844e-001	
2.15570460e+002	1.59022975e-001	
2.15725546e+002	1.59233901e-001	
2.15880633e+002	1.60625733e-001	
2.16035720e+002	1.62753211e-001	
2.16190806e+002	1.66356229e-001	
2.16345893e+002	1.70602164e-001	
2.16500980e+002	1.75150306e-001	
2.16656066e+002	1.78092628e-001	
2.16811153e+002	1.80567175e-001	
2.16966240e+002	1.82564098e-001	
2.17121326e+002	1.80415995e-001	
2.17276413e+002	1.78851389e-001	
2.17431500e+002	1.75564738e-001	
2.17586586e+002	1.72515731e-001	
2.17741673e+002	1.68705294e-001	
2.17896759e+002	1.62430161e-001	
2.18051846e+002	1.57555441e-001	
2.18206933e+002	1.53242727e-001	
2.18362019e+002	1.48413162e-001	
2.18517106e+002	1.43975402e-001	
2.18672193e+002	1.39839706e-001	
2.18827279e+002	1.35670161e-001	
2.18982366e+002	1.30906956e-001	
2.19137453e+002	1.26612875e-001	
2.19292539e+002	1.22867164e-001	
2.19447626e+002	1.19466047e-001	
2.19602713e+002	1.16641901e-001	
2.19757799e+002	1.13247173e-001	
2.19912886e+002	1.09827548e-001	
2.20067973e+002	1.07056603e-001	
2.20223059e+002	1.04149772e-001	
2.20378146e+002	1.01164605e-001	
2.20533233e+002	9.81792092e-002	
2.20688319e+002	9.52361326e-002	
2.20843406e+002	9.23334843e-002	
2.20998493e+002	8.89339892e-002	
2.21153579e+002	8.57552037e-002	
2.21308666e+002	8.24563776e-002	
2.21463753e+002	7.96557919e-002	
2.21618839e+002	7.69593861e-002	
2.21773926e+002	7.42629803e-002	
2.21929013e+002	7.22040404e-002	
2.22084099e+002	7.04129278e-002	
2.22239186e+002	6.86218151e-002	
2.22394273e+002	6.70311579e-002	
2.22549359e+002	6.56052961e-002	
2.22704446e+002	6.51891829e-002	
2.22859533e+002	6.43963382e-002	
2.23014619e+002	6.44406363e-002	
2.23169706e+002	6.44849345e-002	
2.23324793e+002	6.46968933e-002	
2.23479879e+002	6.52410350e-002	
2.23634966e+002	6.61999588e-002	
2.23790053e+002	6.72741741e-002	
2.23945139e+002	6.83266937e-002	
2.24100226e+002	7.01835261e-002	
2.24255313e+002	7.24513406e-002	
2.24410399e+002	7.45145699e-002	
2.24565486e+002	7.70507325e-002	
2.24720573e+002	8.00094499e-002	
2.24875659e+002	8.24637321e-002	
2.25030746e+002	8.65309660e-002	
2.25185833e+002	9.15268257e-002	
2.25340919e+002	9.55147192e-002	
2.25496006e+002	9.93159358e-002	
2.25651093e+002	1.03117152e-001	
2.25806179e+002	1.05610743e-001	
2.25961266e+002	1.07604471e-001	
2.26116353e+002	1.09632977e-001	
2.26271439e+002	1.09990238e-001	
2.26426526e+002	1.09228374e-001	
2.26581613e+002	1.08591804e-001	
2.26736699e+002	1.07384644e-001	
2.26891786e+002	1.06363827e-001	
2.27046873e+002	1.04601780e-001	
2.27201959e+002	1.03050547e-001	
2.27357046e+002	1.02016351e-001	
2.27512133e+002	1.00982154e-001	
2.27667219e+002	9.99136010e-002	
2.27822306e+002	9.87294933e-002	
2.27977392e+002	9.77451474e-002	
2.28132479e+002	9.68847561e-002	
2.28287566e+002	9.62308042e-002	
2.28442652e+002	9.55064973e-002	
2.28597739e+002	9.47234020e-002	
2.28752826e+002	9.42074508e-002	
2.28907912e+002	9.37564174e-002	
2.29062999e+002	9.33151614e-002	
2.29218086e+002	9.28380353e-002	
2.29373172e+002	9.23550881e-002	
2.29528259e+002	9.18721409e-002	
2.29683346e+002	9.07942048e-002	
2.29838432e+002	8.94655018e-002	
2.29993519e+002	8.79543096e-002	
2.30148606e+002	8.58451301e-002	
2.30303692e+002	8.33262085e-002	
2.30458779e+002	8.01883461e-002	
2.30613866e+002	7.75694160e-002	
2.30768952e+002	7.49157086e-002	
2.30924039e+002	7.22975899e-002	
2.31079126e+002	6.96704146e-002	
2.31234212e+002	6.70231916e-002	
2.31389299e+002	6.51518869e-002	
2.31544386e+002	6.36651997e-002	
2.31699472e+002	6.27902230e-002	
2.31854559e+002	6.19152462e-002	
2.32009646e+002	6.10924676e-002	
2.32164732e+002	6.06421699e-002	
2.32319819e+002	6.01918722e-002	
2.32474906e+002	5.97415769e-002	
